# Temperatura_=_18.3
# Concentracion g/m^3_=_5700.0
# C_Vs_to_Am_M_A/Vsm_=_65563218390.804596
# pendiente_HvsI_1/m_=_3716.3
# ordenada_HvsI_A/m_=_1297.0
# frecuencia_Hz_=_301451.29902512644

Tiempo_(s)	Campo_(V.s)	Magnetizacion_(V.s)	Campo_(kA/m)	Magnetizacion_(A/m)
0.000000e+00	-8.325448e-06	-9.492917e-11	-5.766084e+01	-5.635834e+00
1.000000e-08	-8.322647e-06	-9.214773e-11	-5.764143e+01	-5.730421e+00
2.000000e-08	-8.317100e-06	-9.519045e-11	-5.760302e+01	-5.730615e+00
3.000000e-08	-8.308947e-06	-9.651091e-11	-5.754655e+01	-5.661376e+00
4.000000e-08	-8.297921e-06	-9.418232e-11	-5.747019e+01	-5.573502e+00
5.000000e-08	-8.283908e-06	-9.437015e-11	-5.737313e+01	-5.516150e+00
6.000000e-08	-8.266879e-06	-9.925907e-11	-5.725519e+01	-5.514922e+00
7.000000e-08	-8.247173e-06	-1.074440e-10	-5.711872e+01	-5.565680e+00
8.000000e-08	-8.224873e-06	-7.553251e-11	-5.696426e+01	-5.644059e+00
9.000000e-08	-8.199334e-06	-5.303431e-11	-5.678739e+01	-5.722185e+00
1.000000e-07	-8.170463e-06	-8.816730e-11	-5.658743e+01	-5.781902e+00
1.100000e-07	-8.138609e-06	-1.004802e-10	-5.636682e+01	-5.818177e+00
1.200000e-07	-8.103844e-06	-8.654496e-11	-5.612604e+01	-5.833533e+00
1.300000e-07	-8.066447e-06	-9.555012e-11	-5.586703e+01	-5.829779e+00
1.400000e-07	-8.026820e-06	-1.299744e-10	-5.559258e+01	-5.803819e+00
1.500000e-07	-7.984635e-06	-8.486786e-11	-5.530041e+01	-5.750388e+00
1.600000e-07	-7.939463e-06	-9.441992e-11	-5.498756e+01	-5.669094e+00
1.700000e-07	-7.891554e-06	-1.180582e-10	-5.465575e+01	-5.569846e+00
1.800000e-07	-7.840651e-06	-4.042057e-11	-5.430320e+01	-5.471568e+00
1.900000e-07	-7.786598e-06	-8.540818e-11	-5.392884e+01	-5.393600e+00
2.000000e-07	-7.729681e-06	-8.852631e-11	-5.353464e+01	-5.344461e+00
2.100000e-07	-7.669879e-06	-9.022844e-11	-5.312046e+01	-5.315370e+00
2.200000e-07	-7.607453e-06	-9.869271e-11	-5.268811e+01	-5.283961e+00
2.300000e-07	-7.542308e-06	-7.158928e-11	-5.223692e+01	-5.227719e+00
2.400000e-07	-7.474338e-06	-1.014806e-10	-5.176617e+01	-5.139936e+00
2.500000e-07	-7.403651e-06	-8.238479e-11	-5.127660e+01	-5.037871e+00
2.600000e-07	-7.330080e-06	-8.949722e-11	-5.076706e+01	-4.955936e+00
2.700000e-07	-7.253659e-06	-6.247259e-11	-5.023778e+01	-4.925384e+00
2.800000e-07	-7.174390e-06	-7.140768e-11	-4.968878e+01	-4.951412e+00
2.900000e-07	-7.092389e-06	-9.704545e-11	-4.912085e+01	-5.002645e+00
3.000000e-07	-7.007940e-06	-7.876896e-11	-4.853597e+01	-5.022806e+00
3.100000e-07	-6.921177e-06	-8.689255e-11	-4.793506e+01	-4.961554e+00
3.200000e-07	-6.832025e-06	-6.675656e-11	-4.731761e+01	-4.808149e+00
3.300000e-07	-6.740397e-06	-8.457737e-11	-4.668300e+01	-4.606568e+00
3.400000e-07	-6.646403e-06	-8.439136e-11	-4.603202e+01	-4.438882e+00
3.500000e-07	-6.549977e-06	-7.875056e-11	-4.536418e+01	-4.381901e+00
3.600000e-07	-6.451139e-06	-7.084485e-11	-4.467964e+01	-4.459935e+00
3.700000e-07	-6.350041e-06	-7.035915e-11	-4.397946e+01	-4.622322e+00
3.800000e-07	-6.246687e-06	-8.602473e-11	-4.326364e+01	-4.762659e+00
3.900000e-07	-6.141002e-06	-7.332772e-11	-4.253168e+01	-4.772840e+00
4.000000e-07	-6.033084e-06	-6.806133e-11	-4.178425e+01	-4.603032e+00
4.100000e-07	-5.923121e-06	-6.007062e-11	-4.102267e+01	-4.292669e+00
4.200000e-07	-5.810967e-06	-7.488147e-11	-4.024591e+01	-3.952605e+00
4.300000e-07	-5.696541e-06	-7.584253e-11	-3.945341e+01	-3.706694e+00
4.400000e-07	-5.579909e-06	-6.563541e-11	-3.864563e+01	-3.625465e+00
4.500000e-07	-5.461153e-06	-5.393831e-11	-3.782315e+01	-3.689831e+00
4.600000e-07	-5.340437e-06	-5.557506e-11	-3.698708e+01	-3.805265e+00
4.700000e-07	-5.217791e-06	-6.278870e-11	-3.613766e+01	-3.856992e+00
4.800000e-07	-5.093246e-06	-5.550589e-11	-3.527508e+01	-3.772991e+00
4.900000e-07	-4.966912e-06	-4.990502e-11	-3.440011e+01	-3.558450e+00
5.000000e-07	-4.838835e-06	-4.844926e-11	-3.351306e+01	-3.284222e+00
5.100000e-07	-4.708974e-06	-5.711229e-11	-3.261367e+01	-3.040153e+00
5.200000e-07	-4.577344e-06	-5.371298e-11	-3.170202e+01	-2.884031e+00
5.300000e-07	-4.444037e-06	-4.482017e-11	-3.077875e+01	-2.816337e+00
5.400000e-07	-4.309199e-06	-3.647548e-11	-2.984488e+01	-2.792020e+00
5.500000e-07	-4.172809e-06	-4.043313e-11	-2.890026e+01	-2.756529e+00
5.600000e-07	-4.034740e-06	-4.343730e-11	-2.794402e+01	-2.680176e+00
5.700000e-07	-3.895129e-06	-4.115932e-11	-2.697709e+01	-2.569803e+00
5.800000e-07	-3.754015e-06	-3.800929e-11	-2.599976e+01	-2.454609e+00
5.900000e-07	-3.611377e-06	-3.902202e-11	-2.501187e+01	-2.360411e+00
6.000000e-07	-3.467285e-06	-4.325238e-11	-2.401391e+01	-2.292033e+00
6.100000e-07	-3.321902e-06	-3.600046e-11	-2.300701e+01	-2.234578e+00
6.200000e-07	-3.175375e-06	-2.573294e-11	-2.199218e+01	-2.169126e+00
6.300000e-07	-3.027707e-06	-2.061646e-11	-2.096946e+01	-2.088501e+00
6.400000e-07	-2.879055e-06	-2.854565e-11	-1.993991e+01	-2.000740e+00
6.500000e-07	-2.729481e-06	-3.370056e-11	-1.890399e+01	-1.919124e+00
6.600000e-07	-2.578950e-06	-3.065349e-11	-1.786143e+01	-1.848575e+00
6.700000e-07	-2.427571e-06	-2.267614e-11	-1.681300e+01	-1.780546e+00
6.800000e-07	-2.275415e-06	-1.747648e-11	-1.575919e+01	-1.700766e+00
6.900000e-07	-2.122336e-06	-1.719073e-11	-1.469899e+01	-1.603100e+00
7.000000e-07	-1.968387e-06	-1.549808e-11	-1.363276e+01	-1.497322e+00
7.100000e-07	-1.813802e-06	-1.311696e-11	-1.256213e+01	-1.403208e+00
7.200000e-07	-1.658620e-06	-1.176055e-11	-1.148736e+01	-1.334468e+00
7.300000e-07	-1.502799e-06	-1.427866e-11	-1.040816e+01	-1.284862e+00
7.400000e-07	-1.346423e-06	-1.488399e-11	-9.325131e+00	-1.228276e+00
7.500000e-07	-1.189483e-06	-1.198665e-11	-8.238188e+00	-1.134661e+00
7.600000e-07	-1.032030e-06	-4.999652e-12	-7.147691e+00	-9.916395e-01
7.700000e-07	-8.742965e-07	-1.987149e-12	-6.055250e+00	-8.165273e-01
7.800000e-07	-7.162707e-07	-4.194396e-12	-4.960786e+00	-6.493708e-01
7.900000e-07	-5.579497e-07	-3.241007e-12	-3.864278e+00	-5.304827e-01
8.000000e-07	-3.994903e-07	2.406757e-12	-2.766811e+00	-4.767548e-01
8.100000e-07	-2.409451e-07	6.920369e-12	-1.668750e+00	-4.720285e-01
8.200000e-07	-8.226369e-08	4.833784e-12	-5.697463e-01	-4.774292e-01
8.300000e-07	7.651373e-08	3.559365e-12	5.299229e-01	-4.544491e-01
8.400000e-07	2.352475e-07	3.669097e-12	1.629290e+00	-3.857744e-01
8.500000e-07	3.938299e-07	3.458868e-12	2.727608e+00	-2.813858e-01
8.600000e-07	5.521822e-07	2.528546e-12	3.824333e+00	-1.679316e-01
8.700000e-07	7.103384e-07	1.337568e-12	4.919699e+00	-7.012209e-02
8.800000e-07	8.683021e-07	4.557605e-12	6.013733e+00	3.296946e-03
8.900000e-07	1.025967e-06	1.107718e-11	7.105697e+00	6.134736e-02
9.000000e-07	1.183239e-06	1.551693e-11	8.194938e+00	1.219373e-01
9.100000e-07	1.340036e-06	1.524348e-11	9.280895e+00	2.003915e-01
9.200000e-07	1.496318e-06	1.368330e-11	1.036328e+01	3.032505e-01
9.300000e-07	1.652063e-06	1.442685e-11	1.144195e+01	4.294560e-01
9.400000e-07	1.807198e-06	1.714333e-11	1.251639e+01	5.750044e-01
9.500000e-07	1.961662e-06	1.807167e-11	1.358618e+01	7.355519e-01
9.600000e-07	2.115445e-06	1.889863e-11	1.465126e+01	9.049574e-01
9.700000e-07	2.268503e-06	2.339490e-11	1.571132e+01	1.072743e+00
9.800000e-07	2.420747e-06	2.951349e-11	1.676574e+01	1.225292e+00
9.900000e-07	2.572069e-06	3.285332e-11	1.781377e+01	1.352524e+00
1.000000e-06	2.722414e-06	3.280031e-11	1.885504e+01	1.456269e+00
1.010000e-06	2.871755e-06	3.343674e-11	1.988935e+01	1.553487e+00
1.020000e-06	3.020071e-06	3.477155e-11	2.091657e+01	1.669811e+00
1.030000e-06	3.167300e-06	3.673082e-11	2.193626e+01	1.825510e+00
1.040000e-06	3.313430e-06	3.713687e-11	2.294833e+01	2.022024e+00
1.050000e-06	3.458424e-06	3.942682e-11	2.395254e+01	2.238050e+00
1.060000e-06	3.602142e-06	4.579468e-11	2.494791e+01	2.438648e+00
1.070000e-06	3.744483e-06	5.291024e-11	2.593374e+01	2.592593e+00
1.080000e-06	3.885387e-06	5.633408e-11	2.690962e+01	2.687929e+00
1.090000e-06	4.024811e-06	5.434328e-11	2.787525e+01	2.736868e+00
1.100000e-06	4.162712e-06	5.267260e-11	2.883034e+01	2.768010e+00
1.110000e-06	4.299063e-06	5.321777e-11	2.977468e+01	2.811460e+00
1.120000e-06	4.433837e-06	5.462852e-11	3.070811e+01	2.885776e+00
1.130000e-06	4.567045e-06	5.356782e-11	3.163068e+01	2.993059e+00
1.140000e-06	4.698646e-06	5.377289e-11	3.254214e+01	3.122440e+00
1.150000e-06	4.828584e-06	5.856644e-11	3.344207e+01	3.257356e+00
1.160000e-06	4.956814e-06	6.487367e-11	3.433017e+01	3.381509e+00
1.170000e-06	5.083294e-06	6.577957e-11	3.520615e+01	3.481748e+00
1.180000e-06	5.207981e-06	6.334591e-11	3.606972e+01	3.549762e+00
1.190000e-06	5.330828e-06	6.424734e-11	3.692054e+01	3.585046e+00
1.200000e-06	5.451759e-06	6.751613e-11	3.775808e+01	3.598703e+00
1.210000e-06	5.570661e-06	6.789931e-11	3.858159e+01	3.614106e+00
1.220000e-06	5.687449e-06	6.416986e-11	3.939044e+01	3.660178e+00
1.230000e-06	5.802009e-06	6.219114e-11	4.018386e+01	3.757418e+00
1.240000e-06	5.914338e-06	6.462537e-11	4.096184e+01	3.903199e+00
1.250000e-06	6.024596e-06	7.052605e-11	4.172547e+01	4.066309e+00
1.260000e-06	6.132817e-06	7.364238e-11	4.247499e+01	4.197443e+00
1.270000e-06	6.238868e-06	7.230745e-11	4.320948e+01	4.253182e+00
1.280000e-06	6.342638e-06	7.205376e-11	4.392818e+01	4.221438e+00
1.290000e-06	6.444131e-06	7.526926e-11	4.463111e+01	4.132982e+00
1.300000e-06	6.543294e-06	7.605050e-11	4.531789e+01	4.049957e+00
1.310000e-06	6.640044e-06	7.266018e-11	4.598798e+01	4.035292e+00
1.320000e-06	6.734461e-06	6.960630e-11	4.664189e+01	4.119019e+00
1.330000e-06	6.826551e-06	7.086505e-11	4.727970e+01	4.280763e+00
1.340000e-06	6.916254e-06	7.583790e-11	4.790097e+01	4.459406e+00
1.350000e-06	7.003519e-06	7.867647e-11	4.850535e+01	4.585391e+00
1.360000e-06	7.088345e-06	7.766507e-11	4.909284e+01	4.617723e+00
1.370000e-06	7.170674e-06	7.666648e-11	4.966304e+01	4.564643e+00
1.380000e-06	7.250411e-06	7.680537e-11	5.021529e+01	4.476399e+00
1.390000e-06	7.327508e-06	7.613096e-11	5.074925e+01	4.415043e+00
1.400000e-06	7.401853e-06	7.417888e-11	5.126415e+01	4.419576e+00
1.410000e-06	7.473460e-06	7.260563e-11	5.176009e+01	4.487059e+00
1.420000e-06	7.542438e-06	7.380530e-11	5.223782e+01	4.579945e+00
1.430000e-06	7.608716e-06	7.635408e-11	5.269685e+01	4.653571e+00
1.440000e-06	7.672317e-06	7.757740e-11	5.313734e+01	4.685534e+00
1.450000e-06	7.733312e-06	7.619064e-11	5.355979e+01	4.688216e+00
1.460000e-06	7.791589e-06	7.597937e-11	5.396341e+01	4.697108e+00
1.470000e-06	7.847039e-06	7.869377e-11	5.434744e+01	4.743486e+00
1.480000e-06	7.899458e-06	8.092069e-11	5.471049e+01	4.830154e+00
1.490000e-06	7.948684e-06	7.919090e-11	5.505142e+01	4.926907e+00
1.500000e-06	7.994953e-06	7.497895e-11	5.537187e+01	4.989333e+00
1.510000e-06	8.038435e-06	7.118492e-11	5.567302e+01	4.989066e+00
1.520000e-06	8.079033e-06	6.950679e-11	5.595420e+01	4.935516e+00
1.530000e-06	8.116860e-06	7.014643e-11	5.621619e+01	4.874010e+00
1.540000e-06	8.151859e-06	7.091325e-11	5.645858e+01	4.860121e+00
1.550000e-06	8.183912e-06	7.244284e-11	5.668058e+01	4.925386e+00
1.560000e-06	8.213169e-06	7.701814e-11	5.688321e+01	5.055838e+00
1.570000e-06	8.239551e-06	8.145432e-11	5.706592e+01	5.197452e+00
1.580000e-06	8.262940e-06	7.983753e-11	5.722791e+01	5.286345e+00
1.590000e-06	8.283493e-06	7.436539e-11	5.737026e+01	5.286224e+00
1.600000e-06	8.301162e-06	7.118689e-11	5.749263e+01	5.210843e+00
1.610000e-06	8.315774e-06	7.085533e-11	5.759383e+01	5.117941e+00
1.620000e-06	8.327176e-06	7.075535e-11	5.767280e+01	5.077965e+00
1.630000e-06	8.335419e-06	7.091777e-11	5.772989e+01	5.135584e+00
1.640000e-06	8.340827e-06	7.299631e-11	5.776734e+01	5.285761e+00
1.650000e-06	8.343341e-06	7.615284e-11	5.778476e+01	5.477206e+00
1.660000e-06	8.342924e-06	7.859945e-11	5.778187e+01	5.640071e+00
1.670000e-06	8.339789e-06	8.256086e-11	5.776016e+01	5.721515e+00
1.680000e-06	8.333852e-06	7.940011e-11	5.771904e+01	5.709686e+00
1.690000e-06	8.325110e-06	7.598725e-11	5.765849e+01	5.634704e+00
1.700000e-06	8.313422e-06	7.580223e-11	5.757754e+01	5.548849e+00
1.710000e-06	8.298773e-06	7.251761e-11	5.747609e+01	5.498954e+00
1.720000e-06	8.281639e-06	6.291724e-11	5.735742e+01	5.506335e+00
1.730000e-06	8.262130e-06	7.077660e-11	5.722230e+01	5.563095e+00
1.740000e-06	8.239672e-06	1.194134e-10	5.706676e+01	5.643320e+00
1.750000e-06	8.213275e-06	9.832036e-11	5.688394e+01	5.719904e+00
1.760000e-06	8.182914e-06	7.849318e-11	5.667366e+01	5.776611e+00
1.770000e-06	8.149618e-06	9.757237e-11	5.644306e+01	5.809972e+00
1.780000e-06	8.114038e-06	8.188841e-11	5.619664e+01	5.822884e+00
1.790000e-06	8.076218e-06	4.881822e-11	5.593471e+01	5.816555e+00
1.800000e-06	8.036280e-06	1.053238e-10	5.565810e+01	5.787259e+00
1.810000e-06	7.993810e-06	7.271569e-11	5.536396e+01	5.729963e+00
1.820000e-06	7.948425e-06	5.998657e-11	5.504963e+01	5.645532e+00
1.830000e-06	7.900285e-06	1.113121e-10	5.471622e+01	5.545430e+00
1.840000e-06	7.848805e-06	5.063976e-11	5.435967e+01	5.449302e+00
1.850000e-06	7.794182e-06	1.116180e-10	5.398136e+01	5.375600e+00
1.860000e-06	7.736836e-06	5.782686e-11	5.358419e+01	5.330570e+00
1.870000e-06	7.676674e-06	6.311467e-11	5.316752e+01	5.302996e+00
1.880000e-06	7.613842e-06	7.814437e-11	5.273236e+01	5.269505e+00
1.890000e-06	7.548086e-06	3.132004e-11	5.227694e+01	5.208933e+00
1.900000e-06	7.479528e-06	8.872392e-11	5.180212e+01	5.117800e+00
1.910000e-06	7.408144e-06	3.854505e-11	5.130772e+01	5.016610e+00
1.920000e-06	7.333960e-06	8.965093e-11	5.079393e+01	4.940783e+00
1.930000e-06	7.257052e-06	7.007030e-11	5.026128e+01	4.919122e+00
1.940000e-06	7.177307e-06	5.431022e-11	4.970898e+01	4.951786e+00
1.950000e-06	7.095109e-06	7.094103e-11	4.913969e+01	5.002577e+00
1.960000e-06	7.010349e-06	3.617855e-11	4.855265e+01	5.013887e+00
1.970000e-06	6.922944e-06	9.394667e-11	4.794729e+01	4.939179e+00
1.980000e-06	6.833115e-06	5.391672e-11	4.732516e+01	4.775271e+00
1.990000e-06	6.740937e-06	6.201354e-11	4.668674e+01	4.573374e+00
2.000000e-06	6.646407e-06	3.394034e-11	4.603204e+01	4.417865e+00
2.010000e-06	6.549555e-06	4.452090e-11	4.536126e+01	4.380662e+00
2.020000e-06	6.450451e-06	6.333504e-11	4.467488e+01	4.475855e+00
2.030000e-06	6.348935e-06	5.311746e-11	4.397180e+01	4.642636e+00
2.040000e-06	6.245051e-06	7.337196e-11	4.325231e+01	4.770522e+00
2.050000e-06	6.138939e-06	5.194758e-11	4.251740e+01	4.756384e+00
2.060000e-06	6.030728e-06	7.265841e-11	4.176794e+01	4.562283e+00
2.070000e-06	5.920403e-06	4.250723e-11	4.100384e+01	4.240125e+00
2.080000e-06	5.807843e-06	4.341832e-11	4.022427e+01	3.906813e+00
2.090000e-06	5.692953e-06	3.101496e-11	3.942856e+01	3.682320e+00
2.100000e-06	5.575761e-06	4.426892e-11	3.861691e+01	3.625510e+00
2.110000e-06	5.456454e-06	4.967322e-11	3.779060e+01	3.704450e+00
2.120000e-06	5.335213e-06	4.781970e-11	3.695090e+01	3.817730e+00
2.130000e-06	5.212123e-06	5.279841e-11	3.609840e+01	3.853143e+00
2.140000e-06	5.087140e-06	4.868270e-11	3.523279e+01	3.748601e+00
2.150000e-06	4.960267e-06	5.611545e-11	3.435408e+01	3.520445e+00
2.160000e-06	4.831641e-06	3.782264e-11	3.346324e+01	3.245581e+00
2.170000e-06	4.701400e-06	3.333042e-11	3.256121e+01	3.012069e+00
2.180000e-06	4.569516e-06	2.491907e-11	3.164780e+01	2.870198e+00
2.190000e-06	4.435995e-06	3.730843e-11	3.072306e+01	2.812421e+00
2.200000e-06	4.300805e-06	3.546536e-11	2.978674e+01	2.789863e+00
2.210000e-06	4.163996e-06	3.736393e-11	2.883923e+01	2.749790e+00
2.220000e-06	4.025608e-06	3.326633e-11	2.788077e+01	2.667681e+00
2.230000e-06	3.885628e-06	3.410237e-11	2.691129e+01	2.554926e+00
2.240000e-06	3.744206e-06	3.059034e-11	2.593182e+01	2.441824e+00
2.250000e-06	3.601488e-06	2.198325e-11	2.494338e+01	2.351880e+00
2.260000e-06	3.457515e-06	2.018724e-11	2.394624e+01	2.286571e+00
2.270000e-06	3.312237e-06	2.274825e-11	2.294007e+01	2.229288e+00
2.280000e-06	3.165742e-06	3.049766e-11	2.192547e+01	2.162014e+00
2.290000e-06	3.018110e-06	2.753518e-11	2.090299e+01	2.079897e+00
2.300000e-06	2.869410e-06	2.359360e-11	1.987312e+01	1.992561e+00
2.310000e-06	2.719701e-06	1.916502e-11	1.883625e+01	1.912841e+00
2.320000e-06	2.569084e-06	2.194112e-11	1.779310e+01	1.843742e+00
2.330000e-06	2.417612e-06	2.191671e-11	1.674403e+01	1.775164e+00
2.340000e-06	2.265248e-06	2.173385e-11	1.568877e+01	1.693158e+00
2.350000e-06	2.112064e-06	1.928069e-11	1.462785e+01	1.593667e+00
2.360000e-06	1.958087e-06	1.932915e-11	1.356142e+01	1.488586e+00
2.370000e-06	1.803368e-06	1.823740e-11	1.248986e+01	1.397914e+00
2.380000e-06	1.648016e-06	1.641414e-11	1.141392e+01	1.333133e+00
2.390000e-06	1.492143e-06	1.329554e-11	1.033437e+01	1.284748e+00
2.400000e-06	1.335725e-06	1.318377e-11	9.251033e+00	1.224820e+00
2.410000e-06	1.178810e-06	1.681265e-11	8.164268e+00	1.124560e+00
2.420000e-06	1.021472e-06	1.790021e-11	7.074566e+00	9.754906e-01
2.430000e-06	8.637737e-07	1.467119e-11	5.982370e+00	7.990662e-01
2.440000e-06	7.057629e-07	8.417663e-12	4.888011e+00	6.369598e-01
2.450000e-06	5.475147e-07	5.399830e-12	3.792007e+00	5.274020e-01
2.460000e-06	3.890666e-07	6.065593e-12	2.694618e+00	4.826890e-01
2.470000e-06	2.304448e-07	1.050138e-11	1.596027e+00	4.823527e-01
2.480000e-06	7.177736e-08	1.404333e-11	4.971195e-01	4.860355e-01
2.490000e-06	-8.688618e-08	1.566556e-11	-6.017610e-01	4.572278e-01
2.500000e-06	-2.455780e-07	1.298016e-11	-1.700838e+00	3.825680e-01
2.510000e-06	-4.041944e-07	7.691333e-12	-2.799391e+00	2.753876e-01
2.520000e-06	-5.625713e-07	2.443601e-12	-3.896286e+00	1.632208e-01
2.530000e-06	-7.207557e-07	6.283771e-13	-4.991849e+00	6.911362e-02
2.540000e-06	-8.786547e-07	2.237882e-12	-6.085434e+00	-9.244505e-04
2.550000e-06	-1.036175e-06	4.030783e-12	-7.176396e+00	-5.789194e-02
2.560000e-06	-1.193275e-06	4.192856e-12	-8.264447e+00	-1.199738e-01
2.570000e-06	-1.349921e-06	2.871648e-12	-9.349358e+00	-2.014368e-01
2.580000e-06	-1.506107e-06	4.405872e-13	-1.043108e+01	-3.075197e-01
2.590000e-06	-1.661698e-06	-4.430466e-12	-1.150868e+01	-4.364535e-01
2.600000e-06	-1.816628e-06	-8.159055e-12	-1.258170e+01	-5.841245e-01
2.610000e-06	-1.970916e-06	-9.193069e-12	-1.365028e+01	-7.460983e-01
2.620000e-06	-2.124495e-06	-1.004194e-11	-1.471394e+01	-9.157304e-01
2.630000e-06	-2.277261e-06	-1.130753e-11	-1.577198e+01	-1.081888e+00
2.640000e-06	-2.429156e-06	-1.342551e-11	-1.682398e+01	-1.230946e+00
2.650000e-06	-2.580186e-06	-1.584153e-11	-1.786999e+01	-1.354056e+00
2.660000e-06	-2.730329e-06	-1.703283e-11	-1.890986e+01	-1.455214e+00
2.670000e-06	-2.879547e-06	-1.872292e-11	-1.994332e+01	-1.553249e+00
2.680000e-06	-3.027754e-06	-2.212255e-11	-2.096978e+01	-1.673982e+00
2.690000e-06	-3.174807e-06	-2.550244e-11	-2.198825e+01	-1.835676e+00
2.700000e-06	-3.320654e-06	-2.697768e-11	-2.299836e+01	-2.036458e+00
2.710000e-06	-3.465321e-06	-2.782319e-11	-2.400030e+01	-2.252241e+00
2.720000e-06	-3.608758e-06	-2.807827e-11	-2.499373e+01	-2.447473e+00
2.730000e-06	-3.750843e-06	-2.923379e-11	-2.597779e+01	-2.592908e+00
2.740000e-06	-3.891545e-06	-2.918677e-11	-2.695227e+01	-2.680054e+00
2.750000e-06	-4.030768e-06	-2.875533e-11	-2.791651e+01	-2.724195e+00
2.760000e-06	-4.168420e-06	-3.176630e-11	-2.886986e+01	-2.755113e+00
2.770000e-06	-4.304517e-06	-3.593543e-11	-2.981245e+01	-2.801915e+00
2.780000e-06	-4.439078e-06	-3.955169e-11	-3.074440e+01	-2.880887e+00
2.790000e-06	-4.572060e-06	-4.044745e-11	-3.166542e+01	-2.991910e+00
2.800000e-06	-4.703371e-06	-3.853002e-11	-3.257486e+01	-3.122843e+00
2.810000e-06	-4.833053e-06	-3.749552e-11	-3.347302e+01	-3.256869e+00
2.820000e-06	-4.961078e-06	-4.034157e-11	-3.435970e+01	-3.378022e+00
2.830000e-06	-5.087306e-06	-4.303549e-11	-3.523394e+01	-3.473729e+00
2.840000e-06	-5.211750e-06	-4.480830e-11	-3.609582e+01	-3.536568e+00
2.850000e-06	-5.334332e-06	-4.771214e-11	-3.694481e+01	-3.567480e+00
2.860000e-06	-5.455003e-06	-4.890497e-11	-3.778055e+01	-3.579417e+00
2.870000e-06	-5.573663e-06	-4.873032e-11	-3.860237e+01	-3.597155e+00
2.880000e-06	-5.690169e-06	-4.742189e-11	-3.940928e+01	-3.649387e+00
2.890000e-06	-5.804396e-06	-4.841324e-11	-4.020039e+01	-3.754099e+00
2.900000e-06	-5.916256e-06	-5.314472e-11	-4.097513e+01	-3.904584e+00
2.910000e-06	-6.025888e-06	-5.857960e-11	-4.173442e+01	-4.066012e+00
2.920000e-06	-6.133396e-06	-6.096838e-11	-4.247900e+01	-4.188250e+00
2.930000e-06	-6.238816e-06	-5.771365e-11	-4.320912e+01	-4.230962e+00
2.940000e-06	-6.342036e-06	-5.411731e-11	-4.392401e+01	-4.187969e+00
2.950000e-06	-6.442931e-06	-5.252305e-11	-4.462280e+01	-4.095779e+00
2.960000e-06	-6.541519e-06	-5.283761e-11	-4.530560e+01	-4.018809e+00
2.970000e-06	-6.637897e-06	-5.540013e-11	-4.597310e+01	-4.017167e+00
2.980000e-06	-6.731992e-06	-5.787528e-11	-4.662479e+01	-4.114176e+00
2.990000e-06	-6.823643e-06	-6.027900e-11	-4.725955e+01	-4.282397e+00
3.000000e-06	-6.912935e-06	-6.385413e-11	-4.787798e+01	-4.457182e+00
3.010000e-06	-6.999848e-06	-6.487138e-11	-4.847992e+01	-4.570957e+00
3.020000e-06	-7.084170e-06	-6.310553e-11	-4.906392e+01	-4.589094e+00
3.030000e-06	-7.166005e-06	-6.190613e-11	-4.963070e+01	-4.526944e+00
3.040000e-06	-7.245417e-06	-6.289627e-11	-5.018070e+01	-4.438640e+00
3.050000e-06	-7.322071e-06	-6.378285e-11	-5.071159e+01	-4.384900e+00
3.060000e-06	-7.395867e-06	-6.318948e-11	-5.122270e+01	-4.399320e+00
3.070000e-06	-7.466926e-06	-6.328863e-11	-5.171483e+01	-4.472954e+00
3.080000e-06	-7.535294e-06	-6.497017e-11	-5.218834e+01	-4.565283e+00
3.090000e-06	-7.601052e-06	-6.777205e-11	-5.264378e+01	-4.633244e+00
3.100000e-06	-7.664199e-06	-6.952432e-11	-5.308112e+01	-4.659198e+00
3.110000e-06	-7.724585e-06	-6.983705e-11	-5.349935e+01	-4.660068e+00
3.120000e-06	-7.782154e-06	-6.906271e-11	-5.389806e+01	-4.672569e+00
3.130000e-06	-7.836873e-06	-6.804840e-11	-5.427703e+01	-4.725072e+00
3.140000e-06	-7.888612e-06	-6.913990e-11	-5.463537e+01	-4.815362e+00
3.150000e-06	-7.937243e-06	-7.248777e-11	-5.497218e+01	-4.909593e+00
3.160000e-06	-7.982866e-06	-7.776185e-11	-5.528816e+01	-4.963770e+00
3.170000e-06	-8.025844e-06	-8.131056e-11	-5.558582e+01	-4.954033e+00
3.180000e-06	-8.066215e-06	-8.162870e-11	-5.586542e+01	-4.895672e+00
3.190000e-06	-8.103688e-06	-7.856039e-11	-5.612496e+01	-4.837473e+00
3.200000e-06	-8.138300e-06	-7.567477e-11	-5.636467e+01	-4.833599e+00
3.210000e-06	-8.170117e-06	-7.563474e-11	-5.658503e+01	-4.909867e+00
3.220000e-06	-8.198946e-06	-7.565282e-11	-5.678470e+01	-5.045566e+00
3.230000e-06	-8.224824e-06	-7.701733e-11	-5.696393e+01	-5.183002e+00
3.240000e-06	-8.247885e-06	-8.129938e-11	-5.712364e+01	-5.260063e+00
3.250000e-06	-8.268029e-06	-8.597408e-11	-5.726316e+01	-5.246818e+00
3.260000e-06	-8.285287e-06	-8.726860e-11	-5.738268e+01	-5.164384e+00
3.270000e-06	-8.299521e-06	-8.524795e-11	-5.748126e+01	-5.074640e+00
3.280000e-06	-8.310550e-06	-8.261923e-11	-5.755765e+01	-5.046589e+00
3.290000e-06	-8.318578e-06	-8.407374e-11	-5.761326e+01	-5.118694e+00
3.300000e-06	-8.323628e-06	-8.819409e-11	-5.764823e+01	-5.278425e+00
3.310000e-06	-8.325744e-06	-9.242850e-11	-5.766288e+01	-5.469742e+00
