# Temperatura_=_21.36
# Concentracion g/m^3_=_5700.0
# C_Vs_to_Am_M_A/Vsm_=_65563218390.804596
# pendiente_HvsI_1/m_=_3716.3
# ordenada_HvsI_A/m_=_1297.0
# frecuencia_Hz_=_301495.7525684093

Tiempo_(s)	Campo_(V.s)	Magnetizacion_(V.s)	Campo_(kA/m)	Magnetizacion_(A/m)
0.000000e+00	-8.407792e-06	-4.214531e-09	-5.763280e+01	-2.835850e+02
1.000000e-08	-8.403414e-06	-4.222734e-09	-5.760278e+01	-2.836599e+02
2.000000e-08	-8.396445e-06	-4.221974e-09	-5.755502e+01	-2.838198e+02
3.000000e-08	-8.386650e-06	-4.221840e-09	-5.748787e+01	-2.838805e+02
4.000000e-08	-8.373818e-06	-4.218055e-09	-5.739992e+01	-2.836563e+02
5.000000e-08	-8.357959e-06	-4.208583e-09	-5.729121e+01	-2.830842e+02
6.000000e-08	-8.339257e-06	-4.183112e-09	-5.716301e+01	-2.822909e+02
7.000000e-08	-8.318032e-06	-4.177877e-09	-5.701752e+01	-2.815434e+02
8.000000e-08	-8.293871e-06	-4.302268e-09	-5.685190e+01	-2.810984e+02
9.000000e-08	-8.266211e-06	-4.311691e-09	-5.666230e+01	-2.810373e+02
1.000000e-07	-8.235354e-06	-4.224538e-09	-5.645079e+01	-2.811972e+02
1.100000e-07	-8.201558e-06	-4.225163e-09	-5.621912e+01	-2.812526e+02
1.200000e-07	-8.164881e-06	-4.253676e-09	-5.596772e+01	-2.809076e+02
1.300000e-07	-8.125788e-06	-4.161680e-09	-5.569975e+01	-2.800776e+02
1.400000e-07	-8.084401e-06	-4.064570e-09	-5.541605e+01	-2.789406e+02
1.500000e-07	-8.040135e-06	-4.247668e-09	-5.511262e+01	-2.778212e+02
1.600000e-07	-7.992970e-06	-4.117842e-09	-5.478932e+01	-2.769815e+02
1.700000e-07	-7.942992e-06	-4.154128e-09	-5.444674e+01	-2.764598e+02
1.800000e-07	-7.889737e-06	-4.248792e-09	-5.408169e+01	-2.760627e+02
1.900000e-07	-7.833513e-06	-4.090964e-09	-5.369629e+01	-2.755165e+02
2.000000e-07	-7.774454e-06	-4.148608e-09	-5.329146e+01	-2.746670e+02
2.100000e-07	-7.712605e-06	-4.071287e-09	-5.286750e+01	-2.735890e+02
2.200000e-07	-7.648066e-06	-4.121186e-09	-5.242511e+01	-2.725262e+02
2.300000e-07	-7.580609e-06	-4.113152e-09	-5.196271e+01	-2.717084e+02
2.400000e-07	-7.510379e-06	-4.084749e-09	-5.148131e+01	-2.711754e+02
2.500000e-07	-7.437254e-06	-4.101899e-09	-5.098006e+01	-2.707367e+02
2.600000e-07	-7.361237e-06	-4.074432e-09	-5.045899e+01	-2.700965e+02
2.700000e-07	-7.282479e-06	-4.104086e-09	-4.991913e+01	-2.690569e+02
2.800000e-07	-7.200879e-06	-4.004231e-09	-4.935978e+01	-2.676548e+02
2.900000e-07	-7.116720e-06	-4.015186e-09	-4.878290e+01	-2.661373e+02
3.000000e-07	-7.030274e-06	-4.021028e-09	-4.819034e+01	-2.647918e+02
3.100000e-07	-6.941375e-06	-4.005990e-09	-4.758096e+01	-2.637509e+02
3.200000e-07	-6.849945e-06	-4.021640e-09	-4.695424e+01	-2.629072e+02
3.300000e-07	-6.756121e-06	-3.960692e-09	-4.631111e+01	-2.619934e+02
3.400000e-07	-6.659861e-06	-3.944588e-09	-4.565127e+01	-2.607684e+02
3.500000e-07	-6.561087e-06	-3.930655e-09	-4.497421e+01	-2.591785e+02
3.600000e-07	-6.459977e-06	-3.929050e-09	-4.428113e+01	-2.573856e+02
3.700000e-07	-6.356651e-06	-3.885113e-09	-4.357286e+01	-2.556496e+02
3.800000e-07	-6.250892e-06	-3.862096e-09	-4.284792e+01	-2.541515e+02
3.900000e-07	-6.142834e-06	-3.868287e-09	-4.210721e+01	-2.528812e+02
4.000000e-07	-6.032778e-06	-3.846569e-09	-4.135281e+01	-2.516577e+02
4.100000e-07	-5.920520e-06	-3.818751e-09	-4.058332e+01	-2.502589e+02
4.200000e-07	-5.805796e-06	-3.767131e-09	-3.979693e+01	-2.485640e+02
4.300000e-07	-5.688775e-06	-3.757773e-09	-3.899478e+01	-2.466140e+02
4.400000e-07	-5.569703e-06	-3.751847e-09	-3.817858e+01	-2.445607e+02
4.500000e-07	-5.448497e-06	-3.731942e-09	-3.734775e+01	-2.425505e+02
4.600000e-07	-5.325285e-06	-3.684015e-09	-3.650317e+01	-2.406308e+02
4.700000e-07	-5.200304e-06	-3.647479e-09	-3.564647e+01	-2.387354e+02
4.800000e-07	-5.073559e-06	-3.632698e-09	-3.477767e+01	-2.367468e+02
4.900000e-07	-4.944932e-06	-3.607286e-09	-3.389597e+01	-2.345783e+02
5.000000e-07	-4.814404e-06	-3.566757e-09	-3.300124e+01	-2.322195e+02
5.100000e-07	-4.682160e-06	-3.519210e-09	-3.209475e+01	-2.297192e+02
5.200000e-07	-4.548261e-06	-3.493076e-09	-3.117691e+01	-2.271336e+02
5.300000e-07	-4.412816e-06	-3.465896e-09	-3.024848e+01	-2.244844e+02
5.400000e-07	-4.275742e-06	-3.421528e-09	-2.930888e+01	-2.217548e+02
5.500000e-07	-4.136868e-06	-3.365539e-09	-2.835694e+01	-2.189174e+02
5.600000e-07	-3.996372e-06	-3.323302e-09	-2.739389e+01	-2.159640e+02
5.700000e-07	-3.854350e-06	-3.291670e-09	-2.642037e+01	-2.129098e+02
5.800000e-07	-3.710744e-06	-3.246300e-09	-2.543599e+01	-2.097726e+02
5.900000e-07	-3.565676e-06	-3.184279e-09	-2.444160e+01	-2.065489e+02
6.000000e-07	-3.419351e-06	-3.125941e-09	-2.343858e+01	-2.032080e+02
6.100000e-07	-3.271949e-06	-3.085230e-09	-2.242819e+01	-1.997110e+02
6.200000e-07	-3.123536e-06	-3.045498e-09	-2.141087e+01	-1.960359e+02
6.300000e-07	-2.974054e-06	-2.986217e-09	-2.038621e+01	-1.921889e+02
6.400000e-07	-2.823599e-06	-2.918107e-09	-1.935489e+01	-1.881932e+02
6.500000e-07	-2.672207e-06	-2.857306e-09	-1.831715e+01	-1.840665e+02
6.600000e-07	-2.519732e-06	-2.801977e-09	-1.727197e+01	-1.798072e+02
6.700000e-07	-2.366144e-06	-2.735031e-09	-1.621918e+01	-1.753980e+02
6.800000e-07	-2.211608e-06	-2.658416e-09	-1.515989e+01	-1.708197e+02
6.900000e-07	-2.056296e-06	-2.586024e-09	-1.409527e+01	-1.660586e+02
7.000000e-07	-1.900293e-06	-2.523472e-09	-1.302591e+01	-1.611014e+02
7.100000e-07	-1.743644e-06	-2.454750e-09	-1.195213e+01	-1.559234e+02
7.200000e-07	-1.586411e-06	-2.367472e-09	-1.087435e+01	-1.504877e+02
7.300000e-07	-1.428666e-06	-2.274432e-09	-9.793062e+00	-1.447646e+02
7.400000e-07	-1.270430e-06	-2.182426e-09	-8.708400e+00	-1.387561e+02
7.500000e-07	-1.111746e-06	-2.092101e-09	-7.620671e+00	-1.325051e+02
7.600000e-07	-9.527238e-07	-1.991516e-09	-6.530625e+00	-1.260703e+02
7.700000e-07	-7.934363e-07	-1.884341e-09	-5.438759e+00	-1.194793e+02
7.800000e-07	-6.338866e-07	-1.783141e-09	-4.345095e+00	-1.126912e+02
7.900000e-07	-4.741317e-07	-1.686951e-09	-3.250025e+00	-1.056010e+02
8.000000e-07	-3.142091e-07	-1.577764e-09	-2.153806e+00	-9.809106e+01
8.100000e-07	-1.541319e-07	-1.448952e-09	-1.056526e+00	-9.009623e+01
8.200000e-07	6.002960e-09	-1.313126e-09	4.114842e-02	-8.163561e+01
8.300000e-07	1.661067e-07	-1.178768e-09	1.138609e+00	-7.278235e+01
8.400000e-07	3.260866e-07	-1.041959e-09	2.235222e+00	-6.358678e+01
8.500000e-07	4.859367e-07	-8.916228e-10	3.330945e+00	-5.400510e+01
8.600000e-07	6.456178e-07	-7.305749e-10	4.425509e+00	-4.388789e+01
8.700000e-07	8.050650e-07	-5.654893e-10	5.518470e+00	-3.304493e+01
8.800000e-07	9.642512e-07	-3.948600e-10	6.609642e+00	-2.135155e+01
8.900000e-07	1.123159e-06	-2.064626e-10	7.698903e+00	-8.831942e+00
9.000000e-07	1.281748e-06	-1.322600e-12	8.785982e+00	4.330926e+00
9.100000e-07	1.439910e-06	2.065126e-10	9.870133e+00	1.786197e+01
9.200000e-07	1.597557e-06	4.093339e-10	1.095075e+01	3.149254e+01
9.300000e-07	1.754651e-06	6.111813e-10	1.202758e+01	4.503096e+01
9.400000e-07	1.911161e-06	8.208879e-10	1.310041e+01	5.837030e+01
9.500000e-07	2.066968e-06	1.028011e-09	1.416842e+01	7.144440e+01
9.600000e-07	2.222082e-06	1.220134e-09	1.523168e+01	8.417501e+01
9.700000e-07	2.376569e-06	1.397192e-09	1.629064e+01	9.645115e+01
9.800000e-07	2.530176e-06	1.569588e-09	1.734357e+01	1.081506e+02
9.900000e-07	2.682590e-06	1.740976e-09	1.838832e+01	1.191804e+02
1.000000e-06	2.833824e-06	1.902275e-09	1.942498e+01	1.295031e+02
1.010000e-06	2.983979e-06	2.049069e-09	2.045424e+01	1.391292e+02
1.020000e-06	3.133092e-06	2.184098e-09	2.147637e+01	1.480898e+02
1.030000e-06	3.281146e-06	2.316044e-09	2.249124e+01	1.564132e+02
1.040000e-06	3.428180e-06	2.437990e-09	2.349911e+01	1.641245e+02
1.050000e-06	3.574062e-06	2.546458e-09	2.449909e+01	1.712629e+02
1.060000e-06	3.718516e-06	2.643714e-09	2.548927e+01	1.778950e+02
1.070000e-06	3.861550e-06	2.739498e-09	2.646973e+01	1.841049e+02
1.080000e-06	4.003176e-06	2.835237e-09	2.744052e+01	1.899650e+02
1.090000e-06	4.143319e-06	2.923098e-09	2.840116e+01	1.955090e+02
1.100000e-06	4.281921e-06	3.001579e-09	2.935123e+01	2.007304e+02
1.110000e-06	4.418830e-06	3.071773e-09	3.028971e+01	2.056107e+02
1.120000e-06	4.554067e-06	3.140609e-09	3.121671e+01	2.101557e+02
1.130000e-06	4.687725e-06	3.207827e-09	3.213290e+01	2.144118e+02
1.140000e-06	4.819828e-06	3.269978e-09	3.303842e+01	2.184479e+02
1.150000e-06	4.950263e-06	3.326790e-09	3.393251e+01	2.223164e+02
1.160000e-06	5.078796e-06	3.385933e-09	3.481356e+01	2.260242e+02
1.170000e-06	5.205473e-06	3.445769e-09	3.568190e+01	2.295364e+02
1.180000e-06	5.330417e-06	3.499969e-09	3.653835e+01	2.328133e+02
1.190000e-06	5.453659e-06	3.543389e-09	3.738314e+01	2.358506e+02
1.200000e-06	5.574857e-06	3.584135e-09	3.821391e+01	2.386938e+02
1.210000e-06	5.693891e-06	3.630616e-09	3.902985e+01	2.414140e+02
1.220000e-06	5.810864e-06	3.677504e-09	3.983166e+01	2.440638e+02
1.230000e-06	5.925536e-06	3.718187e-09	4.061771e+01	2.466453e+02
1.240000e-06	6.037930e-06	3.754344e-09	4.138813e+01	2.491145e+02
1.250000e-06	6.148227e-06	3.792521e-09	4.214418e+01	2.514181e+02
1.260000e-06	6.256468e-06	3.831170e-09	4.288614e+01	2.535355e+02
1.270000e-06	6.362411e-06	3.865547e-09	4.361235e+01	2.554948e+02
1.280000e-06	6.465924e-06	3.894389e-09	4.432190e+01	2.573543e+02
1.290000e-06	6.567147e-06	3.923278e-09	4.501575e+01	2.591645e+02
1.300000e-06	6.666033e-06	3.955444e-09	4.569358e+01	2.609390e+02
1.310000e-06	6.762414e-06	3.988497e-09	4.635425e+01	2.626552e+02
1.320000e-06	6.856388e-06	4.016917e-09	4.699840e+01	2.642786e+02
1.330000e-06	6.948091e-06	4.039788e-09	4.762700e+01	2.657916e+02
1.340000e-06	7.037318e-06	4.065289e-09	4.823862e+01	2.672036e+02
1.350000e-06	7.124012e-06	4.094917e-09	4.883289e+01	2.685397e+02
1.360000e-06	7.208338e-06	4.122421e-09	4.941091e+01	2.698194e+02
1.370000e-06	7.290092e-06	4.144558e-09	4.997131e+01	2.710443e+02
1.380000e-06	7.369178e-06	4.164809e-09	5.051342e+01	2.722039e+02
1.390000e-06	7.445646e-06	4.186178e-09	5.103759e+01	2.732906e+02
1.400000e-06	7.519240e-06	4.205389e-09	5.154205e+01	2.743095e+02
1.410000e-06	7.590076e-06	4.221456e-09	5.202761e+01	2.752738e+02
1.420000e-06	7.658300e-06	4.239056e-09	5.249526e+01	2.761913e+02
1.430000e-06	7.723723e-06	4.259451e-09	5.294372e+01	2.770553e+02
1.440000e-06	7.786455e-06	4.279279e-09	5.337372e+01	2.778494e+02
1.450000e-06	7.846585e-06	4.293708e-09	5.378590e+01	2.785636e+02
1.460000e-06	7.903939e-06	4.303758e-09	5.417904e+01	2.792077e+02
1.470000e-06	7.958397e-06	4.314482e-09	5.455233e+01	2.798100e+02
1.480000e-06	8.009639e-06	4.327051e-09	5.490358e+01	2.803996e+02
1.490000e-06	8.057648e-06	4.338471e-09	5.523267e+01	2.809874e+02
1.500000e-06	8.102893e-06	4.349207e-09	5.554281e+01	2.815581e+02
1.510000e-06	8.145306e-06	4.362088e-09	5.583354e+01	2.820808e+02
1.520000e-06	8.184731e-06	4.375822e-09	5.610378e+01	2.825293e+02
1.530000e-06	8.221322e-06	4.387280e-09	5.635460e+01	2.828975e+02
1.540000e-06	8.255010e-06	4.395168e-09	5.658552e+01	2.832018e+02
1.550000e-06	8.285807e-06	4.401190e-09	5.679663e+01	2.834704e+02
1.560000e-06	8.313794e-06	4.408483e-09	5.698847e+01	2.837307e+02
1.570000e-06	8.338736e-06	4.417448e-09	5.715944e+01	2.839995e+02
1.580000e-06	8.360729e-06	4.423153e-09	5.731019e+01	2.842784e+02
1.590000e-06	8.379907e-06	4.427189e-09	5.744165e+01	2.845500e+02
1.600000e-06	8.396029e-06	4.433244e-09	5.755216e+01	2.847753e+02
1.610000e-06	8.408961e-06	4.441332e-09	5.764081e+01	2.849008e+02
1.620000e-06	8.418687e-06	4.448315e-09	5.770748e+01	2.848825e+02
1.630000e-06	8.425386e-06	4.449858e-09	5.775340e+01	2.847198e+02
1.640000e-06	8.429147e-06	4.449425e-09	5.777918e+01	2.844779e+02
1.650000e-06	8.429961e-06	4.454443e-09	5.778476e+01	2.842726e+02
1.660000e-06	8.428018e-06	4.448101e-09	5.777144e+01	2.842096e+02
1.670000e-06	8.423258e-06	4.440630e-09	5.773881e+01	2.843093e+02
1.680000e-06	8.415624e-06	4.437362e-09	5.768648e+01	2.844665e+02
1.690000e-06	8.405137e-06	4.434888e-09	5.761459e+01	2.844879e+02
1.700000e-06	8.391598e-06	4.436857e-09	5.752179e+01	2.842008e+02
1.710000e-06	8.375312e-06	4.449714e-09	5.741016e+01	2.835744e+02
1.720000e-06	8.356718e-06	4.474851e-09	5.728270e+01	2.827674e+02
1.730000e-06	8.335383e-06	4.337485e-09	5.713646e+01	2.820581e+02
1.740000e-06	8.310477e-06	4.259849e-09	5.696573e+01	2.816825e+02
1.750000e-06	8.281505e-06	4.341652e-09	5.676714e+01	2.816794e+02
1.760000e-06	8.248983e-06	4.335220e-09	5.654421e+01	2.818463e+02
1.770000e-06	8.213989e-06	4.294433e-09	5.630433e+01	2.818476e+02
1.780000e-06	8.176663e-06	4.437394e-09	5.604848e+01	2.814142e+02
1.790000e-06	8.137157e-06	4.429823e-09	5.577768e+01	2.805095e+02
1.800000e-06	8.095533e-06	4.247589e-09	5.549236e+01	2.793506e+02
1.810000e-06	8.050987e-06	4.408095e-09	5.518701e+01	2.782668e+02
1.820000e-06	8.003570e-06	4.253456e-09	5.486198e+01	2.774886e+02
1.830000e-06	7.953094e-06	4.272020e-09	5.451598e+01	2.770081e+02
1.840000e-06	7.899251e-06	4.313905e-09	5.414690e+01	2.766034e+02
1.850000e-06	7.842640e-06	4.180957e-09	5.375886e+01	2.760081e+02
1.860000e-06	7.783103e-06	4.360728e-09	5.335075e+01	2.751055e+02
1.870000e-06	7.720776e-06	4.188050e-09	5.292351e+01	2.740098e+02
1.880000e-06	7.655791e-06	4.279413e-09	5.247806e+01	2.729775e+02
1.890000e-06	7.587835e-06	4.218207e-09	5.201225e+01	2.722146e+02
1.900000e-06	7.517020e-06	4.156898e-09	5.152683e+01	2.717177e+02
1.910000e-06	7.443280e-06	4.227534e-09	5.102137e+01	2.712645e+02
1.920000e-06	7.366668e-06	4.100884e-09	5.049622e+01	2.705616e+02
1.930000e-06	7.287302e-06	4.234683e-09	4.995218e+01	2.694469e+02
1.940000e-06	7.205464e-06	4.106808e-09	4.939121e+01	2.680021e+02
1.950000e-06	7.121038e-06	4.148387e-09	4.881250e+01	2.664963e+02
1.960000e-06	7.033827e-06	4.095243e-09	4.821469e+01	2.652020e+02
1.970000e-06	6.944179e-06	4.015081e-09	4.760018e+01	2.642106e+02
1.980000e-06	6.852074e-06	4.067579e-09	4.696883e+01	2.633758e+02
1.990000e-06	6.757545e-06	4.006457e-09	4.632087e+01	2.624202e+02
2.000000e-06	6.660705e-06	4.069697e-09	4.565706e+01	2.611269e+02
2.010000e-06	6.561586e-06	3.965397e-09	4.497763e+01	2.594837e+02
2.020000e-06	6.460044e-06	3.975254e-09	4.428159e+01	2.576819e+02
2.030000e-06	6.356077e-06	3.906592e-09	4.356893e+01	2.559795e+02
2.040000e-06	6.249890e-06	3.899025e-09	4.284105e+01	2.545287e+02
2.050000e-06	6.141426e-06	3.882027e-09	4.209757e+01	2.532832e+02
2.060000e-06	6.030763e-06	3.845734e-09	4.133900e+01	2.520433e+02
2.070000e-06	5.917971e-06	3.856705e-09	4.056585e+01	2.505957e+02
2.080000e-06	5.802919e-06	3.802749e-09	3.977720e+01	2.488477e+02
2.090000e-06	5.685436e-06	3.793164e-09	3.897190e+01	2.468665e+02
2.100000e-06	5.565786e-06	3.715363e-09	3.815173e+01	2.448120e+02
2.110000e-06	5.444237e-06	3.703200e-09	3.731855e+01	2.428179e+02
2.120000e-06	5.320820e-06	3.660031e-09	3.647257e+01	2.409099e+02
2.130000e-06	5.195378e-06	3.654784e-09	3.561270e+01	2.390065e+02
2.140000e-06	5.067989e-06	3.609227e-09	3.473949e+01	2.369899e+02
2.150000e-06	4.938912e-06	3.573190e-09	3.385471e+01	2.347859e+02
2.160000e-06	4.808182e-06	3.533240e-09	3.295859e+01	2.323971e+02
2.170000e-06	4.675625e-06	3.494278e-09	3.204996e+01	2.298779e+02
2.180000e-06	4.541276e-06	3.452181e-09	3.112903e+01	2.272805e+02
2.190000e-06	4.405439e-06	3.400756e-09	3.019791e+01	2.246188e+02
2.200000e-06	4.267989e-06	3.365847e-09	2.925573e+01	2.218716e+02
2.210000e-06	4.128801e-06	3.318418e-09	2.830165e+01	2.190132e+02
2.220000e-06	3.987891e-06	3.281131e-09	2.733575e+01	2.160401e+02
2.230000e-06	3.845522e-06	3.220236e-09	2.635985e+01	2.129699e+02
2.240000e-06	3.701829e-06	3.175409e-09	2.537489e+01	2.098182e+02
2.250000e-06	3.556881e-06	3.123383e-09	2.438131e+01	2.065763e+02
2.260000e-06	3.410764e-06	3.081775e-09	2.337972e+01	2.032101e+02
2.270000e-06	3.263450e-06	3.021032e-09	2.236993e+01	1.996819e+02
2.280000e-06	3.114824e-06	2.959393e-09	2.135115e+01	1.959748e+02
2.290000e-06	2.964942e-06	2.891400e-09	2.032375e+01	1.920993e+02
2.300000e-06	2.814083e-06	2.830889e-09	1.928966e+01	1.880791e+02
2.310000e-06	2.662342e-06	2.765880e-09	1.824952e+01	1.839293e+02
2.320000e-06	2.509719e-06	2.699178e-09	1.720334e+01	1.796446e+02
2.330000e-06	2.356271e-06	2.632737e-09	1.615151e+01	1.752064e+02
2.340000e-06	2.202066e-06	2.563824e-09	1.509447e+01	1.705961e+02
2.350000e-06	2.046992e-06	2.490659e-09	1.403149e+01	1.658011e+02
2.360000e-06	1.891071e-06	2.404297e-09	1.296270e+01	1.608066e+02
2.370000e-06	1.734375e-06	2.318273e-09	1.188860e+01	1.555852e+02
2.380000e-06	1.577015e-06	2.230652e-09	1.080995e+01	1.500997e+02
2.390000e-06	1.419040e-06	2.149940e-09	9.727076e+00	1.443240e+02
2.400000e-06	1.260573e-06	2.058236e-09	8.640834e+00	1.382680e+02
2.410000e-06	1.101681e-06	1.962585e-09	7.551678e+00	1.319799e+02
2.420000e-06	9.423768e-07	1.860434e-09	6.459700e+00	1.255167e+02
2.430000e-06	7.827506e-07	1.759708e-09	5.365512e+00	1.188956e+02
2.440000e-06	6.228321e-07	1.656059e-09	4.269320e+00	1.120623e+02
2.450000e-06	4.627722e-07	1.543577e-09	3.172159e+00	1.049049e+02
2.460000e-06	3.025894e-07	1.424036e-09	2.074156e+00	9.731070e+01
2.470000e-06	1.422672e-07	1.301788e-09	9.751973e-01	8.922883e+01
2.480000e-06	-1.815222e-08	1.176131e-09	-1.244278e-01	8.069209e+01
2.490000e-06	-1.784987e-07	1.039562e-09	-1.223553e+00	7.177587e+01
2.500000e-06	-3.387370e-07	8.959327e-10	-2.321936e+00	6.251777e+01
2.510000e-06	-4.989178e-07	7.489670e-10	-3.419926e+00	5.285369e+01
2.520000e-06	-6.588939e-07	5.988018e-10	-4.516513e+00	4.262024e+01
2.530000e-06	-8.186282e-07	4.338300e-10	-5.611441e+00	3.163089e+01
2.540000e-06	-9.780986e-07	2.492797e-10	-6.704561e+00	1.978311e+01
2.550000e-06	-1.137190e-06	5.242002e-11	-7.795084e+00	7.131191e+00
2.560000e-06	-1.295795e-06	-1.489165e-10	-8.882271e+00	-6.118842e+00
2.570000e-06	-1.453901e-06	-3.541154e-10	-9.966036e+00	-1.968589e+01
2.580000e-06	-1.611561e-06	-5.639485e-10	-1.104675e+01	-3.331150e+01
2.590000e-06	-1.768662e-06	-7.737047e-10	-1.212363e+01	-4.682042e+01
2.600000e-06	-1.924943e-06	-9.762199e-10	-1.319489e+01	-6.011715e+01
2.610000e-06	-2.080267e-06	-1.171644e-09	-1.425958e+01	-7.313672e+01
2.620000e-06	-2.234750e-06	-1.366495e-09	-1.531851e+01	-8.579528e+01
2.630000e-06	-2.388475e-06	-1.558674e-09	-1.637225e+01	-9.797722e+01
2.640000e-06	-2.541341e-06	-1.738364e-09	-1.742010e+01	-1.095626e+02
2.650000e-06	-2.693332e-06	-1.902695e-09	-1.846195e+01	-1.204674e+02
2.660000e-06	-2.844420e-06	-2.054590e-09	-1.949761e+01	-1.306641e+02
2.670000e-06	-2.994506e-06	-2.198510e-09	-2.052640e+01	-1.401691e+02
2.680000e-06	-3.143582e-06	-2.334008e-09	-2.154828e+01	-1.490142e+02
2.690000e-06	-3.291371e-06	-2.456546e-09	-2.256132e+01	-1.572265e+02
2.700000e-06	-3.437837e-06	-2.569493e-09	-2.356530e+01	-1.648320e+02
2.710000e-06	-3.583188e-06	-2.678512e-09	-2.456164e+01	-1.718745e+02
2.720000e-06	-3.727376e-06	-2.782372e-09	-2.555000e+01	-1.784251e+02
2.730000e-06	-3.870289e-06	-2.874922e-09	-2.652963e+01	-1.845682e+02
2.740000e-06	-4.011757e-06	-2.957303e-09	-2.749935e+01	-1.903709e+02
2.750000e-06	-4.151571e-06	-3.036474e-09	-2.845773e+01	-1.958587e+02
2.760000e-06	-4.289715e-06	-3.114985e-09	-2.940466e+01	-2.010204e+02
2.770000e-06	-4.426309e-06	-3.189839e-09	-3.034097e+01	-2.058394e+02
2.780000e-06	-4.561360e-06	-3.257853e-09	-3.126670e+01	-2.103285e+02
2.790000e-06	-4.694837e-06	-3.322997e-09	-3.218164e+01	-2.145404e+02
2.800000e-06	-4.826534e-06	-3.388240e-09	-3.308439e+01	-2.185439e+02
2.810000e-06	-4.956459e-06	-3.449039e-09	-3.397498e+01	-2.223849e+02
2.820000e-06	-5.084726e-06	-3.499529e-09	-3.485422e+01	-2.260611e+02
2.830000e-06	-5.211269e-06	-3.543670e-09	-3.572163e+01	-2.295338e+02
2.840000e-06	-5.335961e-06	-3.588823e-09	-3.657635e+01	-2.327670e+02
2.850000e-06	-5.458661e-06	-3.636783e-09	-3.741742e+01	-2.357652e+02
2.860000e-06	-5.579400e-06	-3.682030e-09	-3.824505e+01	-2.385812e+02
2.870000e-06	-5.698199e-06	-3.719307e-09	-3.905938e+01	-2.412863e+02
2.880000e-06	-5.814820e-06	-3.754874e-09	-3.985878e+01	-2.439256e+02
2.890000e-06	-5.929067e-06	-3.793621e-09	-4.064191e+01	-2.464913e+02
2.900000e-06	-6.040904e-06	-3.831092e-09	-4.140852e+01	-2.489345e+02
2.910000e-06	-6.150382e-06	-3.860936e-09	-4.215895e+01	-2.512051e+02
2.920000e-06	-6.257719e-06	-3.887807e-09	-4.289471e+01	-2.532910e+02
2.930000e-06	-6.362988e-06	-3.915218e-09	-4.361630e+01	-2.552281e+02
2.940000e-06	-6.466056e-06	-3.940951e-09	-4.432280e+01	-2.570760e+02
2.950000e-06	-6.566685e-06	-3.962990e-09	-4.501258e+01	-2.588802e+02
2.960000e-06	-6.664870e-06	-3.983343e-09	-4.568561e+01	-2.606469e+02
2.970000e-06	-6.760842e-06	-4.007541e-09	-4.634346e+01	-2.623490e+02
2.980000e-06	-6.854512e-06	-4.032832e-09	-4.698555e+01	-2.639534e+02
2.990000e-06	-6.945710e-06	-4.052393e-09	-4.761068e+01	-2.654470e+02
3.000000e-06	-7.034480e-06	-4.066827e-09	-4.821917e+01	-2.668437e+02
3.010000e-06	-7.120866e-06	-4.080895e-09	-4.881132e+01	-2.681689e+02
3.020000e-06	-7.204661e-06	-4.094761e-09	-4.938571e+01	-2.694393e+02
3.030000e-06	-7.285836e-06	-4.107911e-09	-4.994214e+01	-2.706536e+02
3.040000e-06	-7.364450e-06	-4.119999e-09	-5.048101e+01	-2.718006e+02
3.050000e-06	-7.440261e-06	-4.134895e-09	-5.100067e+01	-2.728746e+02
3.060000e-06	-7.513233e-06	-4.150544e-09	-5.150087e+01	-2.738829e+02
3.070000e-06	-7.583431e-06	-4.163341e-09	-5.198206e+01	-2.748388e+02
3.080000e-06	-7.650898e-06	-4.169943e-09	-5.244452e+01	-2.757479e+02
3.090000e-06	-7.715736e-06	-4.174787e-09	-5.288897e+01	-2.766008e+02
3.100000e-06	-7.777863e-06	-4.181775e-09	-5.331483e+01	-2.773810e+02
3.110000e-06	-7.837194e-06	-4.190122e-09	-5.372153e+01	-2.780814e+02
3.120000e-06	-7.893731e-06	-4.197618e-09	-5.410907e+01	-2.787158e+02
3.130000e-06	-7.947292e-06	-4.203908e-09	-5.447621e+01	-2.793141e+02
3.140000e-06	-7.997811e-06	-4.210951e-09	-5.482251e+01	-2.799036e+02
3.150000e-06	-8.045217e-06	-4.216490e-09	-5.514746e+01	-2.804902e+02
3.160000e-06	-8.089646e-06	-4.220409e-09	-5.545200e+01	-2.810549e+02
3.170000e-06	-8.131454e-06	-4.222973e-09	-5.573859e+01	-2.815660e+02
3.180000e-06	-8.170524e-06	-4.226222e-09	-5.600640e+01	-2.820000e+02
3.190000e-06	-8.206677e-06	-4.230447e-09	-5.625421e+01	-2.823553e+02
3.200000e-06	-8.240008e-06	-4.232021e-09	-5.648269e+01	-2.826511e+02
3.210000e-06	-8.270426e-06	-4.229720e-09	-5.669120e+01	-2.829166e+02
3.220000e-06	-8.297819e-06	-4.228162e-09	-5.687897e+01	-2.831777e+02
3.230000e-06	-8.322314e-06	-4.230394e-09	-5.704687e+01	-2.834488e+02
3.240000e-06	-8.343809e-06	-4.235676e-09	-5.719421e+01	-2.837285e+02
3.250000e-06	-8.362329e-06	-4.238142e-09	-5.732116e+01	-2.839955e+02
3.260000e-06	-8.377988e-06	-4.236193e-09	-5.742850e+01	-2.842071e+02
3.270000e-06	-8.390453e-06	-4.231472e-09	-5.751395e+01	-2.843095e+02
3.280000e-06	-8.399746e-06	-4.225441e-09	-5.757764e+01	-2.842638e+02
3.290000e-06	-8.406055e-06	-4.217109e-09	-5.762089e+01	-2.840804e+02
3.300000e-06	-8.409364e-06	-4.208672e-09	-5.764357e+01	-2.838361e+02
3.310000e-06	-8.409803e-06	-4.203742e-09	-5.764658e+01	-2.836500e+02
