# Temperatura_=_22.85
# Concentracion g/m^3_=_5700.0
# C_Vs_to_Am_M_A/Vsm_=_65563218390.804596
# pendiente_HvsI_1/m_=_3716.3
# ordenada_HvsI_A/m_=_1297.0
# frecuencia_Hz_=_301514.63180487

Tiempo_(s)	Campo_(V.s)	Magnetizacion_(V.s)	Campo_(kA/m)	Magnetizacion_(A/m)
0.000000e+00	-8.272040e-06	-4.181056e-09	-5.762558e+01	-2.790636e+02
1.000000e-08	-8.268174e-06	-4.187265e-09	-5.759864e+01	-2.789366e+02
2.000000e-08	-8.261662e-06	-4.185964e-09	-5.755328e+01	-2.789749e+02
3.000000e-08	-8.252502e-06	-4.184730e-09	-5.748947e+01	-2.790529e+02
4.000000e-08	-8.240437e-06	-4.181199e-09	-5.740542e+01	-2.789569e+02
5.000000e-08	-8.225358e-06	-4.174409e-09	-5.730038e+01	-2.785320e+02
6.000000e-08	-8.207434e-06	-4.150550e-09	-5.717552e+01	-2.778112e+02
7.000000e-08	-8.187041e-06	-4.112740e-09	-5.703345e+01	-2.770245e+02
8.000000e-08	-8.163904e-06	-4.204756e-09	-5.687227e+01	-2.764645e+02
9.000000e-08	-8.137397e-06	-4.266864e-09	-5.668762e+01	-2.762891e+02
1.000000e-07	-8.107602e-06	-4.209912e-09	-5.648005e+01	-2.763987e+02
1.100000e-07	-8.074853e-06	-4.191814e-09	-5.625191e+01	-2.764831e+02
1.200000e-07	-8.039258e-06	-4.218983e-09	-5.600395e+01	-2.762204e+02
1.300000e-07	-8.001200e-06	-4.150405e-09	-5.573883e+01	-2.754955e+02
1.400000e-07	-7.961011e-06	-4.016883e-09	-5.545885e+01	-2.744846e+02
1.500000e-07	-7.918128e-06	-4.178123e-09	-5.516011e+01	-2.735410e+02
1.600000e-07	-7.872213e-06	-4.104467e-09	-5.484026e+01	-2.729532e+02
1.700000e-07	-7.823525e-06	-4.069504e-09	-5.450108e+01	-2.727446e+02
1.800000e-07	-7.771750e-06	-4.208833e-09	-5.414040e+01	-2.726578e+02
1.900000e-07	-7.716975e-06	-4.069282e-09	-5.375882e+01	-2.723371e+02
2.000000e-07	-7.659371e-06	-4.091095e-09	-5.335754e+01	-2.715822e+02
2.100000e-07	-7.598956e-06	-4.041865e-09	-5.293667e+01	-2.704905e+02
2.200000e-07	-7.535932e-06	-4.043717e-09	-5.249762e+01	-2.693844e+02
2.300000e-07	-7.470094e-06	-4.070771e-09	-5.203897e+01	-2.685746e+02
2.400000e-07	-7.401480e-06	-4.042833e-09	-5.156099e+01	-2.681283e+02
2.500000e-07	-7.330209e-06	-4.063553e-09	-5.106449e+01	-2.678129e+02
2.600000e-07	-7.256147e-06	-4.007755e-09	-5.054855e+01	-2.672557e+02
2.700000e-07	-7.179225e-06	-4.032830e-09	-5.001269e+01	-2.662088e+02
2.800000e-07	-7.099482e-06	-3.966149e-09	-4.945717e+01	-2.647267e+02
2.900000e-07	-7.017092e-06	-3.941857e-09	-4.888323e+01	-2.631316e+02
3.000000e-07	-6.932294e-06	-3.972829e-09	-4.829249e+01	-2.617881e+02
3.100000e-07	-6.845189e-06	-3.953161e-09	-4.768570e+01	-2.608510e+02
3.200000e-07	-6.755676e-06	-3.978797e-09	-4.706212e+01	-2.601620e+02
3.300000e-07	-6.663759e-06	-3.923979e-09	-4.642180e+01	-2.593664e+02
3.400000e-07	-6.569513e-06	-3.885006e-09	-4.576525e+01	-2.581620e+02
3.500000e-07	-6.472823e-06	-3.853198e-09	-4.509167e+01	-2.565016e+02
3.600000e-07	-6.373807e-06	-3.846015e-09	-4.440190e+01	-2.546115e+02
3.700000e-07	-6.272550e-06	-3.832162e-09	-4.369652e+01	-2.528205e+02
3.800000e-07	-6.168925e-06	-3.808825e-09	-4.297463e+01	-2.513307e+02
3.900000e-07	-6.062993e-06	-3.818860e-09	-4.223668e+01	-2.500923e+02
4.000000e-07	-5.954974e-06	-3.788986e-09	-4.148418e+01	-2.488614e+02
4.100000e-07	-5.844907e-06	-3.763171e-09	-4.071742e+01	-2.473863e+02
4.200000e-07	-5.732609e-06	-3.710484e-09	-3.993512e+01	-2.455791e+02
4.300000e-07	-5.618097e-06	-3.685531e-09	-3.913740e+01	-2.435522e+02
4.400000e-07	-5.501420e-06	-3.677359e-09	-3.832459e+01	-2.415074e+02
4.500000e-07	-5.382548e-06	-3.667306e-09	-3.749648e+01	-2.395729e+02
4.600000e-07	-5.261658e-06	-3.631440e-09	-3.665433e+01	-2.377137e+02
4.700000e-07	-5.138935e-06	-3.584546e-09	-3.579940e+01	-2.357757e+02
4.800000e-07	-5.014401e-06	-3.557754e-09	-3.493186e+01	-2.336173e+02
4.900000e-07	-4.888071e-06	-3.524909e-09	-3.405181e+01	-2.312216e+02
5.000000e-07	-4.759972e-06	-3.493215e-09	-3.315943e+01	-2.287018e+02
5.100000e-07	-4.630122e-06	-3.450881e-09	-3.225486e+01	-2.262035e+02
5.200000e-07	-4.498635e-06	-3.423143e-09	-3.133887e+01	-2.237860e+02
5.300000e-07	-4.365577e-06	-3.394671e-09	-3.041195e+01	-2.213755e+02
5.400000e-07	-4.231029e-06	-3.354383e-09	-2.947465e+01	-2.188249e+02
5.500000e-07	-4.094899e-06	-3.299081e-09	-2.852633e+01	-2.160272e+02
5.600000e-07	-3.957097e-06	-3.251806e-09	-2.756636e+01	-2.129926e+02
5.700000e-07	-3.817790e-06	-3.219315e-09	-2.659590e+01	-2.098313e+02
5.800000e-07	-3.676982e-06	-3.181114e-09	-2.561499e+01	-2.066592e+02
5.900000e-07	-3.534674e-06	-3.128815e-09	-2.462363e+01	-2.035054e+02
6.000000e-07	-3.390981e-06	-3.068733e-09	-2.362262e+01	-2.002915e+02
6.100000e-07	-3.246070e-06	-3.019315e-09	-2.261312e+01	-1.968969e+02
6.200000e-07	-3.100042e-06	-2.972335e-09	-2.159585e+01	-1.932536e+02
6.300000e-07	-2.952874e-06	-2.917112e-09	-2.057063e+01	-1.893942e+02
6.400000e-07	-2.804642e-06	-2.852822e-09	-1.953800e+01	-1.854173e+02
6.500000e-07	-2.655488e-06	-2.793153e-09	-1.849895e+01	-1.814011e+02
6.600000e-07	-2.505482e-06	-2.738069e-09	-1.745396e+01	-1.773360e+02
6.700000e-07	-2.354594e-06	-2.675257e-09	-1.640283e+01	-1.731297e+02
6.800000e-07	-2.202834e-06	-2.601917e-09	-1.534562e+01	-1.686770e+02
6.900000e-07	-2.050317e-06	-2.528216e-09	-1.428314e+01	-1.639386e+02
7.000000e-07	-1.897039e-06	-2.463230e-09	-1.321536e+01	-1.589624e+02
7.100000e-07	-1.743036e-06	-2.397127e-09	-1.214253e+01	-1.538343e+02
7.200000e-07	-1.588465e-06	-2.317878e-09	-1.106574e+01	-1.485985e+02
7.300000e-07	-1.433375e-06	-2.228208e-09	-9.985335e+00	-1.432126e+02
7.400000e-07	-1.277803e-06	-2.135397e-09	-8.901571e+00	-1.375737e+02
7.500000e-07	-1.121768e-06	-2.041653e-09	-7.814579e+00	-1.315926e+02
7.600000e-07	-9.653243e-07	-1.944233e-09	-6.724746e+00	-1.252576e+02
7.700000e-07	-8.085715e-07	-1.843004e-09	-5.632758e+00	-1.186352e+02
7.800000e-07	-6.515193e-07	-1.742828e-09	-4.538684e+00	-1.118098e+02
7.900000e-07	-4.942049e-07	-1.646099e-09	-3.442784e+00	-1.048087e+02
8.000000e-07	-3.366945e-07	-1.539815e-09	-2.345517e+00	-9.757337e+01
8.100000e-07	-1.790063e-07	-1.418589e-09	-1.247013e+00	-8.999555e+01
8.200000e-07	-2.112941e-08	-1.289786e-09	-1.471940e-01	-8.198659e+01
8.300000e-07	1.367292e-07	-1.160199e-09	9.524977e-01	-7.352090e+01
8.400000e-07	2.943680e-07	-1.028172e-09	2.050658e+00	-6.461730e+01
8.500000e-07	4.518638e-07	-8.861637e-10	3.147822e+00	-5.527442e+01
8.600000e-07	6.092300e-07	-7.327534e-10	4.244084e+00	-4.541680e+01
8.700000e-07	7.663781e-07	-5.713085e-10	5.338826e+00	-3.490339e+01
8.800000e-07	9.231370e-07	-4.022361e-10	6.430857e+00	-2.360361e+01
8.900000e-07	1.079468e-06	-2.174162e-10	7.519904e+00	-1.149264e+01
9.000000e-07	1.235434e-06	-2.001901e-11	8.606415e+00	1.300085e+00
9.100000e-07	1.391040e-06	1.805842e-10	9.690415e+00	1.452459e+01
9.200000e-07	1.546201e-06	3.802171e-10	1.077131e+01	2.790430e+01
9.300000e-07	1.700845e-06	5.809464e-10	1.184861e+01	4.122825e+01
9.400000e-07	1.854960e-06	7.856131e-10	1.292222e+01	5.438466e+01
9.500000e-07	2.008440e-06	9.888506e-10	1.399141e+01	6.732431e+01
9.600000e-07	2.161186e-06	1.180672e-09	1.505549e+01	7.999143e+01
9.700000e-07	2.313151e-06	1.358255e-09	1.611412e+01	9.227851e+01
9.800000e-07	2.464314e-06	1.530511e-09	1.716717e+01	1.040367e+02
9.900000e-07	2.614507e-06	1.700430e-09	1.821346e+01	1.151292e+02
1.000000e-06	2.763617e-06	1.862519e-09	1.925220e+01	1.254843e+02
1.010000e-06	2.911713e-06	2.011546e-09	2.028389e+01	1.351093e+02
1.020000e-06	3.058782e-06	2.147748e-09	2.130842e+01	1.440616e+02
1.030000e-06	3.204777e-06	2.277771e-09	2.232547e+01	1.524025e+02
1.040000e-06	3.349668e-06	2.397732e-09	2.333482e+01	1.601711e+02
1.050000e-06	3.493363e-06	2.504270e-09	2.433584e+01	1.673910e+02
1.060000e-06	3.635732e-06	2.599885e-09	2.532763e+01	1.740955e+02
1.070000e-06	3.776614e-06	2.695289e-09	2.630906e+01	1.803430e+02
1.080000e-06	3.916070e-06	2.791081e-09	2.728055e+01	1.862058e+02
1.090000e-06	4.054135e-06	2.880937e-09	2.824235e+01	1.917422e+02
1.100000e-06	4.190659e-06	2.961834e-09	2.919342e+01	1.969765e+02
1.110000e-06	4.325672e-06	3.034482e-09	3.013396e+01	2.019042e+02
1.120000e-06	4.459137e-06	3.104784e-09	3.106372e+01	2.065204e+02
1.130000e-06	4.591004e-06	3.171305e-09	3.198235e+01	2.108446e+02
1.140000e-06	4.721296e-06	3.231070e-09	3.289000e+01	2.149236e+02
1.150000e-06	4.849900e-06	3.285512e-09	3.378590e+01	2.188081e+02
1.160000e-06	4.976770e-06	3.342746e-09	3.466972e+01	2.225242e+02
1.170000e-06	5.101859e-06	3.400910e-09	3.554112e+01	2.260631e+02
1.180000e-06	5.225132e-06	3.453460e-09	3.639988e+01	2.293998e+02
1.190000e-06	5.346623e-06	3.498247e-09	3.724622e+01	2.325229e+02
1.200000e-06	5.466132e-06	3.544447e-09	3.807876e+01	2.354539e+02
1.210000e-06	5.583501e-06	3.595570e-09	3.889639e+01	2.382370e+02
1.220000e-06	5.698815e-06	3.642906e-09	3.969970e+01	2.409100e+02
1.230000e-06	5.811970e-06	3.680926e-09	4.048797e+01	2.434797e+02
1.240000e-06	5.922944e-06	3.714654e-09	4.126105e+01	2.459223e+02
1.250000e-06	6.031834e-06	3.750730e-09	4.201961e+01	2.482089e+02
1.260000e-06	6.138649e-06	3.787796e-09	4.276372e+01	2.503354e+02
1.270000e-06	6.243304e-06	3.821249e-09	4.349278e+01	2.523307e+02
1.280000e-06	6.345671e-06	3.850486e-09	4.420590e+01	2.542386e+02
1.290000e-06	6.445714e-06	3.881345e-09	4.490283e+01	2.560864e+02
1.300000e-06	6.543346e-06	3.913954e-09	4.558297e+01	2.578665e+02
1.310000e-06	6.638610e-06	3.943734e-09	4.624660e+01	2.595467e+02
1.320000e-06	6.731573e-06	3.968231e-09	4.689421e+01	2.611011e+02
1.330000e-06	6.822215e-06	3.989686e-09	4.752565e+01	2.625358e+02
1.340000e-06	6.910431e-06	4.013255e-09	4.814019e+01	2.638903e+02
1.350000e-06	6.996260e-06	4.040450e-09	4.873810e+01	2.652117e+02
1.360000e-06	7.079713e-06	4.066540e-09	4.931946e+01	2.665223e+02
1.370000e-06	7.160591e-06	4.089289e-09	4.988288e+01	2.678041e+02
1.380000e-06	7.238827e-06	4.110918e-09	5.042790e+01	2.690120e+02
1.390000e-06	7.314384e-06	4.132372e-09	5.095425e+01	2.701046e+02
1.400000e-06	7.387242e-06	4.150257e-09	5.146180e+01	2.710701e+02
1.410000e-06	7.457471e-06	4.164527e-09	5.195104e+01	2.719316e+02
1.420000e-06	7.525056e-06	4.176980e-09	5.242186e+01	2.727300e+02
1.430000e-06	7.589936e-06	4.191041e-09	5.287383e+01	2.735009e+02
1.440000e-06	7.652181e-06	4.207679e-09	5.330745e+01	2.742589e+02
1.450000e-06	7.711783e-06	4.223105e-09	5.372265e+01	2.749978e+02
1.460000e-06	7.768629e-06	4.235853e-09	5.411866e+01	2.756991e+02
1.470000e-06	7.822621e-06	4.247540e-09	5.449479e+01	2.763412e+02
1.480000e-06	7.873450e-06	4.259762e-09	5.484888e+01	2.769062e+02
1.490000e-06	7.921108e-06	4.269412e-09	5.518088e+01	2.773859e+02
1.500000e-06	7.966030e-06	4.277508e-09	5.549382e+01	2.777888e+02
1.510000e-06	8.008155e-06	4.285604e-09	5.578727e+01	2.781436e+02
1.520000e-06	8.047364e-06	4.294196e-09	5.606042e+01	2.784901e+02
1.530000e-06	8.083883e-06	4.302888e-09	5.631481e+01	2.788570e+02
1.540000e-06	8.117594e-06	4.311092e-09	5.654966e+01	2.792384e+02
1.550000e-06	8.148388e-06	4.318055e-09	5.676418e+01	2.795893e+02
1.560000e-06	8.176370e-06	4.324989e-09	5.695911e+01	2.798506e+02
1.570000e-06	8.201377e-06	4.331421e-09	5.713332e+01	2.799910e+02
1.580000e-06	8.223457e-06	4.335332e-09	5.728713e+01	2.800375e+02
1.590000e-06	8.242764e-06	4.336857e-09	5.742163e+01	2.800632e+02
1.600000e-06	8.259142e-06	4.338110e-09	5.753573e+01	2.801367e+02
1.610000e-06	8.272442e-06	4.340592e-09	5.762838e+01	2.802647e+02
1.620000e-06	8.282519e-06	4.342102e-09	5.769858e+01	2.803771e+02
1.630000e-06	8.289535e-06	4.343960e-09	5.774745e+01	2.803732e+02
1.640000e-06	8.293669e-06	4.347332e-09	5.777625e+01	2.802039e+02
1.650000e-06	8.294890e-06	4.353708e-09	5.778476e+01	2.799259e+02
1.660000e-06	8.293330e-06	4.348505e-09	5.777389e+01	2.796776e+02
1.670000e-06	8.288977e-06	4.337305e-09	5.774356e+01	2.795819e+02
1.680000e-06	8.281839e-06	4.332773e-09	5.769384e+01	2.796399e+02
1.690000e-06	8.272011e-06	4.329400e-09	5.762537e+01	2.797024e+02
1.700000e-06	8.259207e-06	4.327613e-09	5.753618e+01	2.795543e+02
1.710000e-06	8.243603e-06	4.337910e-09	5.742747e+01	2.790671e+02
1.720000e-06	8.225690e-06	4.380095e-09	5.730269e+01	2.783128e+02
1.730000e-06	8.205233e-06	4.302133e-09	5.716018e+01	2.775459e+02
1.740000e-06	8.181448e-06	4.185752e-09	5.699449e+01	2.770490e+02
1.750000e-06	8.153645e-06	4.222279e-09	5.680080e+01	2.769390e+02
1.760000e-06	8.122151e-06	4.231894e-09	5.658140e+01	2.770697e+02
1.770000e-06	8.088019e-06	4.183135e-09	5.634363e+01	2.771117e+02
1.780000e-06	8.051698e-06	4.299221e-09	5.609060e+01	2.767660e+02
1.790000e-06	8.013247e-06	4.348725e-09	5.582275e+01	2.759687e+02
1.800000e-06	7.972639e-06	4.156107e-09	5.553986e+01	2.749419e+02
1.810000e-06	7.929237e-06	4.280560e-09	5.523751e+01	2.740459e+02
1.820000e-06	7.882987e-06	4.214668e-09	5.491531e+01	2.735326e+02
1.830000e-06	7.833888e-06	4.183418e-09	5.457328e+01	2.733702e+02
1.840000e-06	7.781500e-06	4.272036e-09	5.420833e+01	2.732657e+02
1.850000e-06	7.726238e-06	4.105308e-09	5.382335e+01	2.728738e+02
1.860000e-06	7.668185e-06	4.268131e-09	5.341894e+01	2.720423e+02
1.870000e-06	7.607392e-06	4.165126e-09	5.299543e+01	2.709205e+02
1.880000e-06	7.543914e-06	4.190498e-09	5.255322e+01	2.698487e+02
1.890000e-06	7.477511e-06	4.184849e-09	5.209064e+01	2.691074e+02
1.900000e-06	7.408311e-06	4.071241e-09	5.160858e+01	2.687082e+02
1.910000e-06	7.336209e-06	4.185358e-09	5.110629e+01	2.683763e+02
1.920000e-06	7.261364e-06	4.064361e-09	5.058490e+01	2.677418e+02
1.930000e-06	7.183752e-06	4.161522e-09	5.004423e+01	2.666031e+02
1.940000e-06	7.103443e-06	4.091246e-09	4.948477e+01	2.650718e+02
1.950000e-06	7.020738e-06	4.064874e-09	4.890862e+01	2.634974e+02
1.960000e-06	6.935452e-06	4.072939e-09	4.831449e+01	2.622234e+02
1.970000e-06	6.847612e-06	3.951363e-09	4.770257e+01	2.613500e+02
1.980000e-06	6.757333e-06	4.010961e-09	4.707367e+01	2.606694e+02
1.990000e-06	6.664703e-06	3.957710e-09	4.642837e+01	2.598169e+02
2.000000e-06	6.569717e-06	4.025496e-09	4.576667e+01	2.585250e+02
2.010000e-06	6.472455e-06	3.964480e-09	4.508911e+01	2.568005e+02
2.020000e-06	6.372916e-06	3.931778e-09	4.439570e+01	2.549042e+02
2.030000e-06	6.271033e-06	3.882778e-09	4.368594e+01	2.531582e+02
2.040000e-06	6.166858e-06	3.831316e-09	4.296023e+01	2.517238e+02
2.050000e-06	6.060466e-06	3.844851e-09	4.221907e+01	2.505070e+02
2.060000e-06	5.952000e-06	3.794077e-09	4.146346e+01	2.492473e+02
2.070000e-06	5.841377e-06	3.816171e-09	4.069283e+01	2.477125e+02
2.080000e-06	5.728577e-06	3.765191e-09	3.990703e+01	2.458526e+02
2.090000e-06	5.613488e-06	3.754730e-09	3.910529e+01	2.438072e+02
2.100000e-06	5.496178e-06	3.684652e-09	3.828807e+01	2.417764e+02
2.110000e-06	5.376853e-06	3.651404e-09	3.745681e+01	2.398621e+02
2.120000e-06	5.255626e-06	3.618049e-09	3.661231e+01	2.380011e+02
2.130000e-06	5.132480e-06	3.604911e-09	3.575444e+01	2.360309e+02
2.140000e-06	5.007453e-06	3.582354e-09	3.488346e+01	2.338265e+02
2.150000e-06	4.880723e-06	3.530671e-09	3.400062e+01	2.313971e+02
2.160000e-06	4.752223e-06	3.489346e-09	3.310545e+01	2.288710e+02
2.170000e-06	4.622010e-06	3.439940e-09	3.219834e+01	2.263860e+02
2.180000e-06	4.490109e-06	3.408039e-09	3.127948e+01	2.239780e+02
2.190000e-06	4.356591e-06	3.360282e-09	3.034935e+01	2.215530e+02
2.200000e-06	4.221579e-06	3.330490e-09	2.940882e+01	2.189628e+02
2.210000e-06	4.084980e-06	3.283728e-09	2.845723e+01	2.161178e+02
2.220000e-06	3.946752e-06	3.245757e-09	2.749429e+01	2.130502e+02
2.230000e-06	3.807030e-06	3.183542e-09	2.652095e+01	2.098794e+02
2.240000e-06	3.665968e-06	3.126645e-09	2.553826e+01	2.067113e+02
2.250000e-06	3.523653e-06	3.073578e-09	2.454685e+01	2.035544e+02
2.260000e-06	3.380039e-06	3.035691e-09	2.354639e+01	2.003161e+02
2.270000e-06	3.235115e-06	2.989674e-09	2.253681e+01	1.968788e+02
2.280000e-06	3.089012e-06	2.930455e-09	2.151901e+01	1.931911e+02
2.290000e-06	2.941782e-06	2.862729e-09	2.049336e+01	1.893023e+02
2.300000e-06	2.793523e-06	2.795356e-09	1.946054e+01	1.853140e+02
2.310000e-06	2.644270e-06	2.733902e-09	1.842080e+01	1.812921e+02
2.320000e-06	2.494116e-06	2.668133e-09	1.737478e+01	1.772095e+02
2.330000e-06	2.343208e-06	2.604581e-09	1.632351e+01	1.729652e+02
2.340000e-06	2.191543e-06	2.536082e-09	1.526697e+01	1.684612e+02
2.350000e-06	2.039014e-06	2.466823e-09	1.420440e+01	1.636742e+02
2.360000e-06	1.885610e-06	2.381229e-09	1.313574e+01	1.586641e+02
2.370000e-06	1.731486e-06	2.292411e-09	1.206206e+01	1.535152e+02
2.380000e-06	1.576837e-06	2.205741e-09	1.098473e+01	1.482576e+02
2.390000e-06	1.421629e-06	2.134328e-09	9.903506e+00	1.428343e+02
2.400000e-06	1.265830e-06	2.058116e-09	8.818160e+00	1.371386e+02
2.410000e-06	1.109550e-06	1.967799e-09	7.729467e+00	1.310919e+02
2.420000e-06	9.529059e-07	1.864074e-09	6.638236e+00	1.246985e+02
2.430000e-06	7.959248e-07	1.757702e-09	5.544658e+00	1.180339e+02
2.440000e-06	6.385661e-07	1.653466e-09	4.448448e+00	1.111770e+02
2.450000e-06	4.810443e-07	1.544280e-09	3.351103e+00	1.041400e+02
2.460000e-06	3.234304e-07	1.430368e-09	2.253116e+00	9.685121e+01
2.470000e-06	1.656885e-07	1.312465e-09	1.154237e+00	8.920076e+01
2.480000e-06	7.827052e-09	1.195859e-09	5.452566e-02	8.110963e+01
2.490000e-06	-1.499929e-07	1.068015e-09	-1.044896e+00	7.256340e+01
2.500000e-06	-3.076463e-07	9.246807e-10	-2.143158e+00	6.358255e+01
2.510000e-06	-4.652103e-07	7.751369e-10	-3.240798e+00	5.415516e+01
2.520000e-06	-6.226116e-07	6.293279e-10	-4.337304e+00	4.419118e+01
2.530000e-06	-7.797708e-07	4.762339e-10	-5.432124e+00	3.354444e+01
2.540000e-06	-9.366629e-07	3.018114e-10	-6.525082e+00	2.209679e+01
2.550000e-06	-1.093178e-06	1.088112e-10	-7.615414e+00	9.849613e+00
2.560000e-06	-1.249223e-06	-9.045009e-11	-8.702469e+00	-3.041313e+00
2.570000e-06	-1.404726e-06	-2.907832e-10	-9.785756e+00	-1.631350e+01
2.580000e-06	-1.559672e-06	-4.944349e-10	-1.086516e+01	-2.969646e+01
2.590000e-06	-1.714106e-06	-7.010076e-10	-1.194099e+01	-4.299665e+01
2.600000e-06	-1.867970e-06	-9.016144e-10	-1.301286e+01	-5.611782e+01
2.610000e-06	-2.021103e-06	-1.092908e-09	-1.407963e+01	-6.901466e+01
2.620000e-06	-2.173362e-06	-1.284161e-09	-1.514031e+01	-8.162405e+01
2.630000e-06	-2.324699e-06	-1.478045e-09	-1.619457e+01	-9.382867e+01
2.640000e-06	-2.475239e-06	-1.664473e-09	-1.724327e+01	-1.054773e+02
2.650000e-06	-2.625057e-06	-1.832539e-09	-1.828696e+01	-1.164416e+02
2.660000e-06	-2.774013e-06	-1.982150e-09	-1.932463e+01	-1.266643e+02
2.670000e-06	-2.921954e-06	-2.122644e-09	-2.035523e+01	-1.361649e+02
2.680000e-06	-3.068779e-06	-2.259110e-09	-2.137806e+01	-1.450046e+02
2.690000e-06	-3.214506e-06	-2.385923e-09	-2.239324e+01	-1.532417e+02
2.700000e-06	-3.359055e-06	-2.501026e-09	-2.340021e+01	-1.609112e+02
2.710000e-06	-3.502287e-06	-2.610961e-09	-2.439801e+01	-1.680366e+02
2.720000e-06	-3.644238e-06	-2.717332e-09	-2.538689e+01	-1.746551e+02
2.730000e-06	-3.784900e-06	-2.812406e-09	-2.636678e+01	-1.808292e+02
2.740000e-06	-3.924139e-06	-2.894385e-09	-2.733676e+01	-1.866308e+02
2.750000e-06	-4.061917e-06	-2.970713e-09	-2.829656e+01	-1.921132e+02
2.760000e-06	-4.198127e-06	-3.048798e-09	-2.924545e+01	-1.972940e+02
2.770000e-06	-4.332750e-06	-3.127033e-09	-3.018327e+01	-2.021667e+02
2.780000e-06	-4.465893e-06	-3.199314e-09	-3.111078e+01	-2.067289e+02
2.790000e-06	-4.597428e-06	-3.264998e-09	-3.202710e+01	-2.110060e+02
2.800000e-06	-4.727327e-06	-3.329116e-09	-3.293202e+01	-2.150475e+02
2.810000e-06	-4.855557e-06	-3.392439e-09	-3.382531e+01	-2.189017e+02
2.820000e-06	-4.982079e-06	-3.447617e-09	-3.470669e+01	-2.225881e+02
2.830000e-06	-5.106926e-06	-3.494930e-09	-3.557642e+01	-2.260934e+02
2.840000e-06	-5.229936e-06	-3.540840e-09	-3.643334e+01	-2.293925e+02
2.850000e-06	-5.350948e-06	-3.588194e-09	-3.727635e+01	-2.324794e+02
2.860000e-06	-5.469961e-06	-3.634384e-09	-3.810543e+01	-2.353811e+02
2.870000e-06	-5.586981e-06	-3.672980e-09	-3.892063e+01	-2.381430e+02
2.880000e-06	-5.701786e-06	-3.708016e-09	-3.972039e+01	-2.407987e+02
2.890000e-06	-5.814269e-06	-3.746319e-09	-4.050399e+01	-2.433486e+02
2.900000e-06	-5.924586e-06	-3.784696e-09	-4.127249e+01	-2.457656e+02
2.910000e-06	-6.032739e-06	-3.817545e-09	-4.202592e+01	-2.480236e+02
2.920000e-06	-6.138795e-06	-3.845462e-09	-4.276474e+01	-2.501243e+02
2.930000e-06	-6.242753e-06	-3.873928e-09	-4.348894e+01	-2.521014e+02
2.940000e-06	-6.344494e-06	-3.902790e-09	-4.419770e+01	-2.539981e+02
2.950000e-06	-6.443924e-06	-3.927677e-09	-4.489036e+01	-2.558359e+02
2.960000e-06	-6.541057e-06	-3.949136e-09	-4.556702e+01	-2.576014e+02
2.970000e-06	-6.635970e-06	-3.972094e-09	-4.622821e+01	-2.592610e+02
2.980000e-06	-6.728533e-06	-3.997187e-09	-4.687303e+01	-2.607930e+02
2.990000e-06	-6.818704e-06	-4.017259e-09	-4.750119e+01	-2.622104e+02
3.000000e-06	-6.906472e-06	-4.031694e-09	-4.811261e+01	-2.635564e+02
3.010000e-06	-6.991785e-06	-4.046175e-09	-4.870692e+01	-2.648759e+02
3.020000e-06	-7.074678e-06	-4.062357e-09	-4.928438e+01	-2.661844e+02
3.030000e-06	-7.155069e-06	-4.078035e-09	-4.984441e+01	-2.674573e+02
3.040000e-06	-7.232769e-06	-4.090597e-09	-5.038570e+01	-2.686476e+02
3.050000e-06	-7.307707e-06	-4.103871e-09	-5.090774e+01	-2.697178e+02
3.060000e-06	-7.379920e-06	-4.118890e-09	-5.141080e+01	-2.706628e+02
3.070000e-06	-7.449417e-06	-4.131977e-09	-5.189493e+01	-2.715105e+02
3.080000e-06	-7.516307e-06	-4.140168e-09	-5.236091e+01	-2.723025e+02
3.090000e-06	-7.580623e-06	-4.146606e-09	-5.280895e+01	-2.730713e+02
3.100000e-06	-7.642206e-06	-4.154597e-09	-5.323796e+01	-2.738274e+02
3.110000e-06	-7.701018e-06	-4.163494e-09	-5.364767e+01	-2.745617e+02
3.120000e-06	-7.757066e-06	-4.171009e-09	-5.403811e+01	-2.752546e+02
3.130000e-06	-7.810173e-06	-4.177002e-09	-5.440807e+01	-2.758847e+02
3.140000e-06	-7.860226e-06	-4.183096e-09	-5.475675e+01	-2.764352e+02
3.150000e-06	-7.907220e-06	-4.189215e-09	-5.508413e+01	-2.769005e+02
3.160000e-06	-7.951444e-06	-4.192347e-09	-5.539221e+01	-2.772928e+02
3.170000e-06	-7.993166e-06	-4.192871e-09	-5.568286e+01	-2.776438e+02
3.180000e-06	-8.032140e-06	-4.195310e-09	-5.595436e+01	-2.779931e+02
3.190000e-06	-8.068224e-06	-4.201322e-09	-5.620573e+01	-2.783648e+02
3.200000e-06	-8.101506e-06	-4.205564e-09	-5.643759e+01	-2.787456e+02
3.210000e-06	-8.131853e-06	-4.205189e-09	-5.664899e+01	-2.790852e+02
3.220000e-06	-8.159243e-06	-4.202476e-09	-5.683980e+01	-2.793263e+02
3.230000e-06	-8.183854e-06	-4.201670e-09	-5.701125e+01	-2.794468e+02
3.240000e-06	-8.205492e-06	-4.203712e-09	-5.716199e+01	-2.794841e+02
3.250000e-06	-8.224150e-06	-4.203460e-09	-5.729196e+01	-2.795150e+02
3.260000e-06	-8.239959e-06	-4.201918e-09	-5.740209e+01	-2.796007e+02
3.270000e-06	-8.252650e-06	-4.200571e-09	-5.749050e+01	-2.797336e+02
3.280000e-06	-8.262266e-06	-4.200194e-09	-5.755749e+01	-2.798327e+02
3.290000e-06	-8.268947e-06	-4.197023e-09	-5.760403e+01	-2.798008e+02
3.300000e-06	-8.272632e-06	-4.189921e-09	-5.762970e+01	-2.796054e+02
3.310000e-06	-8.273498e-06	-4.180110e-09	-5.763573e+01	-2.793219e+02
