# Temperatura_=_28.51
# Concentracion g/m^3_=_5700.0
# C_Vs_to_Am_M_A/Vsm_=_65563218390.804596
# pendiente_HvsI_1/m_=_3716.3
# ordenada_HvsI_A/m_=_1297.0
# frecuencia_Hz_=_301575.92049545527

Tiempo_(s)	Campo_(V.s)	Magnetizacion_(V.s)	Campo_(kA/m)	Magnetizacion_(A/m)
0.000000e+00	-8.250640e-06	-4.111356e-09	-5.761126e+01	-2.756234e+02
1.000000e-08	-8.247930e-06	-4.117341e-09	-5.759234e+01	-2.754497e+02
2.000000e-08	-8.242487e-06	-4.119005e-09	-5.755434e+01	-2.754626e+02
3.000000e-08	-8.234407e-06	-4.118553e-09	-5.749791e+01	-2.756234e+02
4.000000e-08	-8.223475e-06	-4.118705e-09	-5.742158e+01	-2.757306e+02
5.000000e-08	-8.209591e-06	-4.114417e-09	-5.732464e+01	-2.755275e+02
6.000000e-08	-8.192730e-06	-4.097780e-09	-5.720690e+01	-2.748852e+02
7.000000e-08	-8.173223e-06	-4.045909e-09	-5.707069e+01	-2.739326e+02
8.000000e-08	-8.151164e-06	-4.048526e-09	-5.691666e+01	-2.730230e+02
9.000000e-08	-8.125962e-06	-4.161899e-09	-5.674069e+01	-2.725317e+02
1.000000e-07	-8.097439e-06	-4.189222e-09	-5.654152e+01	-2.726026e+02
1.100000e-07	-8.065916e-06	-4.147911e-09	-5.632140e+01	-2.730193e+02
1.200000e-07	-8.031495e-06	-4.162404e-09	-5.608106e+01	-2.733051e+02
1.300000e-07	-7.994380e-06	-4.179768e-09	-5.582189e+01	-2.730078e+02
1.400000e-07	-7.955028e-06	-4.016873e-09	-5.554712e+01	-2.719905e+02
1.500000e-07	-7.913245e-06	-3.966647e-09	-5.525536e+01	-2.705332e+02
1.600000e-07	-7.868495e-06	-4.111789e-09	-5.494289e+01	-2.691711e+02
1.700000e-07	-7.820994e-06	-3.967771e-09	-5.461120e+01	-2.683677e+02
1.800000e-07	-7.770615e-06	-4.065094e-09	-5.425942e+01	-2.682368e+02
1.900000e-07	-7.717077e-06	-4.126489e-09	-5.388558e+01	-2.684913e+02
2.000000e-07	-7.660729e-06	-4.022351e-09	-5.349213e+01	-2.686452e+02
2.100000e-07	-7.601629e-06	-4.062784e-09	-5.307945e+01	-2.683255e+02
2.200000e-07	-7.539858e-06	-3.987085e-09	-5.264813e+01	-2.674829e+02
2.300000e-07	-7.475324e-06	-4.032184e-09	-5.219751e+01	-2.663716e+02
2.400000e-07	-7.407921e-06	-3.990279e-09	-5.172686e+01	-2.653332e+02
2.500000e-07	-7.337830e-06	-3.983372e-09	-5.123744e+01	-2.645509e+02
2.600000e-07	-7.265049e-06	-3.996084e-09	-5.072923e+01	-2.639450e+02
2.700000e-07	-7.189470e-06	-3.984213e-09	-5.020149e+01	-2.632696e+02
2.800000e-07	-7.110996e-06	-3.988151e-09	-4.965354e+01	-2.623183e+02
2.900000e-07	-7.029749e-06	-3.898562e-09	-4.908622e+01	-2.610796e+02
3.000000e-07	-6.946028e-06	-3.925265e-09	-4.850162e+01	-2.597303e+02
3.100000e-07	-6.860039e-06	-3.912532e-09	-4.790120e+01	-2.584862e+02
3.200000e-07	-6.771791e-06	-3.905977e-09	-4.728499e+01	-2.574323e+02
3.300000e-07	-6.681109e-06	-3.902671e-09	-4.665180e+01	-2.564640e+02
3.400000e-07	-6.587978e-06	-3.853816e-09	-4.600149e+01	-2.553766e+02
3.500000e-07	-6.492481e-06	-3.840216e-09	-4.533467e+01	-2.540262e+02
3.600000e-07	-6.394550e-06	-3.825707e-09	-4.465085e+01	-2.524365e+02
3.700000e-07	-6.294305e-06	-3.815832e-09	-4.395088e+01	-2.507732e+02
3.800000e-07	-6.191837e-06	-3.771859e-09	-4.323538e+01	-2.492125e+02
3.900000e-07	-6.087119e-06	-3.762452e-09	-4.250418e+01	-2.478107e+02
4.000000e-07	-5.980202e-06	-3.756265e-09	-4.175761e+01	-2.464710e+02
4.100000e-07	-5.871153e-06	-3.730914e-09	-4.099616e+01	-2.450273e+02
4.200000e-07	-5.760001e-06	-3.695007e-09	-4.022002e+01	-2.433720e+02
4.300000e-07	-5.646682e-06	-3.659924e-09	-3.942876e+01	-2.415274e+02
4.400000e-07	-5.531120e-06	-3.653423e-09	-3.862183e+01	-2.396129e+02
4.500000e-07	-5.413378e-06	-3.643195e-09	-3.779968e+01	-2.377405e+02
4.600000e-07	-5.293631e-06	-3.612859e-09	-3.696353e+01	-2.359267e+02
4.700000e-07	-5.171958e-06	-3.565048e-09	-3.611393e+01	-2.340875e+02
4.800000e-07	-5.048403e-06	-3.534088e-09	-3.525119e+01	-2.321121e+02
4.900000e-07	-4.923093e-06	-3.513180e-09	-3.437620e+01	-2.299495e+02
5.000000e-07	-4.795997e-06	-3.484669e-09	-3.348873e+01	-2.276381e+02
5.100000e-07	-4.667114e-06	-3.441973e-09	-3.258879e+01	-2.252583e+02
5.200000e-07	-4.536573e-06	-3.404715e-09	-3.167727e+01	-2.228560e+02
5.300000e-07	-4.404369e-06	-3.379227e-09	-3.075413e+01	-2.204035e+02
5.400000e-07	-4.270580e-06	-3.348200e-09	-2.981993e+01	-2.178306e+02
5.500000e-07	-4.135275e-06	-3.297341e-09	-2.887514e+01	-2.150947e+02
5.600000e-07	-3.998456e-06	-3.247784e-09	-2.791978e+01	-2.122253e+02
5.700000e-07	-3.860065e-06	-3.214283e-09	-2.695345e+01	-2.093002e+02
5.800000e-07	-3.720154e-06	-3.182779e-09	-2.597651e+01	-2.063711e+02
5.900000e-07	-3.578784e-06	-3.134546e-09	-2.498937e+01	-2.034014e+02
6.000000e-07	-3.435991e-06	-3.071760e-09	-2.399229e+01	-2.002760e+02
6.100000e-07	-3.291844e-06	-3.018606e-09	-2.298577e+01	-1.968813e+02
6.200000e-07	-3.146395e-06	-2.975973e-09	-2.197015e+01	-1.931957e+02
6.300000e-07	-2.999859e-06	-2.929523e-09	-2.094694e+01	-1.893165e+02
6.400000e-07	-2.852356e-06	-2.864525e-09	-1.991698e+01	-1.853951e+02
6.500000e-07	-2.703921e-06	-2.800490e-09	-1.888051e+01	-1.815257e+02
6.600000e-07	-2.554608e-06	-2.746328e-09	-1.783791e+01	-1.776700e+02
6.700000e-07	-2.404416e-06	-2.693245e-09	-1.678917e+01	-1.736779e+02
6.800000e-07	-2.253349e-06	-2.625974e-09	-1.573433e+01	-1.693900e+02
6.900000e-07	-2.101460e-06	-2.548676e-09	-1.467374e+01	-1.647447e+02
7.000000e-07	-1.948842e-06	-2.477848e-09	-1.360806e+01	-1.598125e+02
7.100000e-07	-1.795561e-06	-2.411880e-09	-1.253776e+01	-1.547302e+02
7.200000e-07	-1.641595e-06	-2.337959e-09	-1.146267e+01	-1.495903e+02
7.300000e-07	-1.486951e-06	-2.251030e-09	-1.038285e+01	-1.443692e+02
7.400000e-07	-1.331767e-06	-2.162761e-09	-9.299255e+00	-1.389463e+02
7.500000e-07	-1.176153e-06	-2.076264e-09	-8.212658e+00	-1.331960e+02
7.600000e-07	-1.020081e-06	-1.989626e-09	-7.122858e+00	-1.270753e+02
7.700000e-07	-8.636102e-07	-1.889549e-09	-6.030281e+00	-1.206405e+02
7.800000e-07	-7.069106e-07	-1.783452e-09	-4.936104e+00	-1.139816e+02
7.900000e-07	-5.499691e-07	-1.683507e-09	-3.840237e+00	-1.071326e+02
8.000000e-07	-3.928172e-07	-1.583724e-09	-2.742902e+00	-1.000297e+02
8.100000e-07	-2.355166e-07	-1.470173e-09	-1.644528e+00	-9.255211e+01
8.200000e-07	-7.811987e-08	-1.340825e-09	-5.454831e-01	-8.460708e+01
8.300000e-07	7.932065e-08	-1.209824e-09	5.538677e-01	-7.618677e+01
8.400000e-07	2.367315e-07	-1.079108e-09	1.653011e+00	-6.734577e+01
8.500000e-07	3.939707e-07	-9.427602e-10	2.750956e+00	-5.811473e+01
8.600000e-07	5.510578e-07	-7.916537e-10	3.847839e+00	-4.842165e+01
8.700000e-07	7.080054e-07	-6.281247e-10	4.943748e+00	-3.809177e+01
8.800000e-07	8.646779e-07	-4.587061e-10	6.037736e+00	-2.693920e+01
8.900000e-07	1.020995e-06	-2.790802e-10	7.129245e+00	-1.489219e+01
9.000000e-07	1.176955e-06	-8.384633e-11	8.218255e+00	-2.064910e+00
9.100000e-07	1.332496e-06	1.226551e-10	9.304343e+00	1.127496e+01
9.200000e-07	1.487574e-06	3.296422e-10	1.038720e+01	2.481954e+01
9.300000e-07	1.642108e-06	5.321778e-10	1.146625e+01	3.833594e+01
9.400000e-07	1.796051e-06	7.341199e-10	1.254118e+01	5.170797e+01
9.500000e-07	1.949318e-06	9.398585e-10	1.361139e+01	6.488807e+01
9.600000e-07	2.101855e-06	1.140400e-09	1.467650e+01	7.780975e+01
9.700000e-07	2.253645e-06	1.325778e-09	1.573640e+01	9.033547e+01
9.800000e-07	2.404585e-06	1.499789e-09	1.679036e+01	1.022806e+02
9.900000e-07	2.554633e-06	1.669714e-09	1.783809e+01	1.134912e+02
1.000000e-06	2.703776e-06	1.833453e-09	1.887950e+01	1.239116e+02
1.010000e-06	2.851943e-06	1.983841e-09	1.991410e+01	1.335897e+02
1.020000e-06	2.999159e-06	2.120158e-09	2.094205e+01	1.426179e+02
1.030000e-06	3.145296e-06	2.249358e-09	2.196248e+01	1.510598e+02
1.040000e-06	3.290236e-06	2.371665e-09	2.297454e+01	1.589197e+02
1.050000e-06	3.434013e-06	2.482857e-09	2.397848e+01	1.661730e+02
1.060000e-06	3.576493e-06	2.581152e-09	2.497337e+01	1.728271e+02
1.070000e-06	3.717594e-06	2.673545e-09	2.595863e+01	1.789568e+02
1.080000e-06	3.857274e-06	2.762945e-09	2.693397e+01	1.846839e+02
1.090000e-06	3.995545e-06	2.849458e-09	2.789946e+01	1.901167e+02
1.100000e-06	4.132360e-06	2.931858e-09	2.885479e+01	1.952988e+02
1.110000e-06	4.267605e-06	3.006634e-09	2.979916e+01	2.002074e+02
1.120000e-06	4.401320e-06	3.075554e-09	3.073284e+01	2.048009e+02
1.130000e-06	4.533466e-06	3.139970e-09	3.165557e+01	2.090738e+02
1.140000e-06	4.663999e-06	3.198501e-09	3.256704e+01	2.130739e+02
1.150000e-06	4.792896e-06	3.251031e-09	3.346707e+01	2.168699e+02
1.160000e-06	4.920080e-06	3.303568e-09	3.435516e+01	2.204997e+02
1.170000e-06	5.045611e-06	3.358377e-09	3.523170e+01	2.239456e+02
1.180000e-06	5.169404e-06	3.414807e-09	3.609610e+01	2.271601e+02
1.190000e-06	5.291333e-06	3.464275e-09	3.694748e+01	2.301204e+02
1.200000e-06	5.411323e-06	3.506620e-09	3.778533e+01	2.328659e+02
1.210000e-06	5.529258e-06	3.547652e-09	3.860883e+01	2.354837e+02
1.220000e-06	5.645033e-06	3.590054e-09	3.941725e+01	2.380510e+02
1.230000e-06	5.758584e-06	3.628599e-09	4.021013e+01	2.405806e+02
1.240000e-06	5.869975e-06	3.662184e-09	4.098793e+01	2.430134e+02
1.250000e-06	5.979369e-06	3.694532e-09	4.175179e+01	2.452679e+02
1.260000e-06	6.086724e-06	3.729661e-09	4.250141e+01	2.473074e+02
1.270000e-06	6.191884e-06	3.766737e-09	4.323571e+01	2.491730e+02
1.280000e-06	6.294838e-06	3.798944e-09	4.395460e+01	2.509555e+02
1.290000e-06	6.395527e-06	3.828249e-09	4.465768e+01	2.527285e+02
1.300000e-06	6.493819e-06	3.858164e-09	4.534402e+01	2.544955e+02
1.310000e-06	6.589676e-06	3.888579e-09	4.601335e+01	2.561939e+02
1.320000e-06	6.683256e-06	3.914854e-09	4.666678e+01	2.577506e+02
1.330000e-06	6.774542e-06	3.935902e-09	4.730420e+01	2.591456e+02
1.340000e-06	6.863423e-06	3.955225e-09	4.792482e+01	2.604307e+02
1.350000e-06	6.949908e-06	3.977949e-09	4.852872e+01	2.616906e+02
1.360000e-06	7.034012e-06	4.004895e-09	4.911599e+01	2.629756e+02
1.370000e-06	7.115662e-06	4.029363e-09	4.968612e+01	2.642629e+02
1.380000e-06	7.194703e-06	4.051537e-09	5.023804e+01	2.654755e+02
1.390000e-06	7.271032e-06	4.073459e-09	5.077101e+01	2.665444e+02
1.400000e-06	7.344629e-06	4.094525e-09	5.128491e+01	2.674640e+02
1.410000e-06	7.415625e-06	4.110696e-09	5.178065e+01	2.682959e+02
1.420000e-06	7.484046e-06	4.120415e-09	5.225841e+01	2.691194e+02
1.430000e-06	7.549722e-06	4.131701e-09	5.271701e+01	2.699697e+02
1.440000e-06	7.612678e-06	4.146927e-09	5.315660e+01	2.708114e+02
1.450000e-06	7.673061e-06	4.163751e-09	5.357824e+01	2.715695e+02
1.460000e-06	7.730738e-06	4.176212e-09	5.398098e+01	2.721901e+02
1.470000e-06	7.785596e-06	4.184562e-09	5.436403e+01	2.726832e+02
1.480000e-06	7.837417e-06	4.194634e-09	5.472588e+01	2.731143e+02
1.490000e-06	7.886070e-06	4.206599e-09	5.506560e+01	2.735545e+02
1.500000e-06	7.931832e-06	4.217814e-09	5.538515e+01	2.740304e+02
1.510000e-06	7.974850e-06	4.227447e-09	5.568552e+01	2.745132e+02
1.520000e-06	8.015015e-06	4.236466e-09	5.596598e+01	2.749501e+02
1.530000e-06	8.052396e-06	4.245526e-09	5.622700e+01	2.753099e+02
1.540000e-06	8.087019e-06	4.253144e-09	5.646876e+01	2.756021e+02
1.550000e-06	8.118770e-06	4.257150e-09	5.669046e+01	2.758584e+02
1.560000e-06	8.147768e-06	4.261256e-09	5.689295e+01	2.760984e+02
1.570000e-06	8.173871e-06	4.269603e-09	5.707521e+01	2.763132e+02
1.580000e-06	8.196930e-06	4.279620e-09	5.723623e+01	2.764817e+02
1.590000e-06	8.217201e-06	4.284443e-09	5.737777e+01	2.766007e+02
1.600000e-06	8.234613e-06	4.286214e-09	5.749936e+01	2.766952e+02
1.610000e-06	8.248948e-06	4.288596e-09	5.759945e+01	2.767928e+02
1.620000e-06	8.260101e-06	4.291801e-09	5.767733e+01	2.768842e+02
1.630000e-06	8.268100e-06	4.292999e-09	5.773319e+01	2.769133e+02
1.640000e-06	8.273218e-06	4.291661e-09	5.776892e+01	2.768180e+02
1.650000e-06	8.275487e-06	4.295513e-09	5.778476e+01	2.765977e+02
1.660000e-06	8.274936e-06	4.301751e-09	5.778092e+01	2.763463e+02
1.670000e-06	8.271693e-06	4.299061e-09	5.775827e+01	2.762066e+02
1.680000e-06	8.265651e-06	4.296481e-09	5.771608e+01	2.762598e+02
1.690000e-06	8.256834e-06	4.290762e-09	5.765452e+01	2.764297e+02
1.700000e-06	8.245162e-06	4.283433e-09	5.757302e+01	2.764898e+02
1.710000e-06	8.230598e-06	4.286743e-09	5.747132e+01	2.761951e+02
1.720000e-06	8.213485e-06	4.319575e-09	5.735182e+01	2.754653e+02
1.730000e-06	8.193936e-06	4.338624e-09	5.721532e+01	2.744867e+02
1.740000e-06	8.171419e-06	4.212419e-09	5.705810e+01	2.736388e+02
1.750000e-06	8.145115e-06	4.154862e-09	5.687442e+01	2.732668e+02
1.760000e-06	8.114957e-06	4.180057e-09	5.666384e+01	2.734414e+02
1.770000e-06	8.081750e-06	4.135681e-09	5.643196e+01	2.738737e+02
1.780000e-06	8.046210e-06	4.134702e-09	5.618380e+01	2.740648e+02
1.790000e-06	8.008460e-06	4.325674e-09	5.592021e+01	2.736096e+02
1.800000e-06	7.968652e-06	4.230706e-09	5.564224e+01	2.724608e+02
1.810000e-06	7.926437e-06	4.134563e-09	5.534747e+01	2.709753e+02
1.820000e-06	7.881282e-06	4.269307e-09	5.503217e+01	2.697019e+02
1.830000e-06	7.833400e-06	4.097592e-09	5.469783e+01	2.690472e+02
1.840000e-06	7.782322e-06	4.185470e-09	5.434117e+01	2.690335e+02
1.850000e-06	7.728064e-06	4.123830e-09	5.396231e+01	2.693075e+02
1.860000e-06	7.671144e-06	4.097389e-09	5.356485e+01	2.693814e+02
1.870000e-06	7.611431e-06	4.218884e-09	5.314790e+01	2.689408e+02
1.880000e-06	7.549056e-06	4.099709e-09	5.271236e+01	2.680114e+02
1.890000e-06	7.483876e-06	4.194331e-09	5.225722e+01	2.668884e+02
1.900000e-06	7.415880e-06	4.074088e-09	5.178243e+01	2.658975e+02
1.910000e-06	7.345064e-06	4.075512e-09	5.128795e+01	2.651673e+02
1.920000e-06	7.271394e-06	4.083686e-09	5.077354e+01	2.645685e+02
1.930000e-06	7.194969e-06	4.033120e-09	5.023989e+01	2.638454e+02
1.940000e-06	7.115768e-06	4.103244e-09	4.968686e+01	2.628251e+02
1.950000e-06	7.034131e-06	3.990041e-09	4.911682e+01	2.615428e+02
1.960000e-06	6.949970e-06	4.054504e-09	4.852915e+01	2.601995e+02
1.970000e-06	6.863177e-06	3.975780e-09	4.792311e+01	2.589949e+02
1.980000e-06	6.773945e-06	3.944481e-09	4.730003e+01	2.579731e+02
1.990000e-06	6.682406e-06	3.947320e-09	4.666085e+01	2.569962e+02
2.000000e-06	6.588570e-06	3.921304e-09	4.600563e+01	2.558590e+02
2.010000e-06	6.492351e-06	3.948589e-09	4.533376e+01	2.544484e+02
2.020000e-06	6.393840e-06	3.869391e-09	4.464589e+01	2.528255e+02
2.030000e-06	6.292944e-06	3.868470e-09	4.394137e+01	2.511711e+02
2.040000e-06	6.189742e-06	3.805107e-09	4.322075e+01	2.496446e+02
2.050000e-06	6.084336e-06	3.820922e-09	4.248474e+01	2.482678e+02
2.060000e-06	5.976840e-06	3.789789e-09	4.173414e+01	2.469190e+02
2.070000e-06	5.867249e-06	3.763555e-09	4.096890e+01	2.454343e+02
2.080000e-06	5.755427e-06	3.732722e-09	4.018809e+01	2.437313e+02
2.090000e-06	5.641398e-06	3.695344e-09	3.939186e+01	2.418594e+02
2.100000e-06	5.525135e-06	3.677662e-09	3.858004e+01	2.399461e+02
2.110000e-06	5.406698e-06	3.623418e-09	3.775304e+01	2.380882e+02
2.120000e-06	5.286315e-06	3.604413e-09	3.691245e+01	2.362777e+02
2.130000e-06	5.164143e-06	3.568223e-09	3.605936e+01	2.344170e+02
2.140000e-06	5.040075e-06	3.563301e-09	3.519304e+01	2.324019e+02
2.150000e-06	4.914106e-06	3.516074e-09	3.431344e+01	2.302009e+02
2.160000e-06	4.786355e-06	3.475515e-09	3.342140e+01	2.278674e+02
2.170000e-06	4.656974e-06	3.427736e-09	3.251798e+01	2.254806e+02
2.180000e-06	4.525999e-06	3.399782e-09	3.160343e+01	2.230715e+02
2.190000e-06	4.393417e-06	3.363293e-09	3.067766e+01	2.205986e+02
2.200000e-06	4.259197e-06	3.317318e-09	2.974045e+01	2.179915e+02
2.210000e-06	4.123417e-06	3.267176e-09	2.879234e+01	2.152212e+02
2.220000e-06	3.986138e-06	3.220727e-09	2.783378e+01	2.123322e+02
2.230000e-06	3.847298e-06	3.187022e-09	2.686430e+01	2.094036e+02
2.240000e-06	3.707010e-06	3.136154e-09	2.588473e+01	2.064716e+02
2.250000e-06	3.565331e-06	3.085333e-09	2.489543e+01	2.034790e+02
2.260000e-06	3.422337e-06	3.031836e-09	2.389695e+01	2.003028e+02
2.270000e-06	3.278063e-06	2.988734e-09	2.288954e+01	1.968426e+02
2.280000e-06	3.132572e-06	2.932091e-09	2.187363e+01	1.931032e+02
2.290000e-06	2.986037e-06	2.866172e-09	2.085043e+01	1.892017e+02
2.300000e-06	2.838543e-06	2.794071e-09	1.982053e+01	1.852867e+02
2.310000e-06	2.690012e-06	2.737817e-09	1.878339e+01	1.814275e+02
2.320000e-06	2.540441e-06	2.683534e-09	1.773899e+01	1.775567e+02
2.330000e-06	2.389984e-06	2.621657e-09	1.668840e+01	1.735120e+02
2.340000e-06	2.238756e-06	2.547930e-09	1.563243e+01	1.691472e+02
2.350000e-06	2.086771e-06	2.474212e-09	1.457117e+01	1.644301e+02
2.360000e-06	1.934064e-06	2.400983e-09	1.350487e+01	1.594533e+02
2.370000e-06	1.780698e-06	2.321176e-09	1.243398e+01	1.543535e+02
2.380000e-06	1.626662e-06	2.235612e-09	1.135840e+01	1.492018e+02
2.390000e-06	1.471991e-06	2.152466e-09	1.027838e+01	1.439486e+02
2.400000e-06	1.316726e-06	2.077185e-09	9.194229e+00	1.384637e+02
2.410000e-06	1.161044e-06	1.993212e-09	8.107153e+00	1.326331e+02
2.420000e-06	1.005004e-06	1.895583e-09	7.017585e+00	1.264371e+02
2.430000e-06	8.485545e-07	1.787471e-09	5.925152e+00	1.199466e+02
2.440000e-06	6.917540e-07	1.685438e-09	4.830271e+00	1.132467e+02
2.450000e-06	5.348029e-07	1.584482e-09	3.734337e+00	1.063509e+02
2.460000e-06	3.777319e-07	1.475511e-09	2.637567e+00	9.917762e+01
2.470000e-06	2.204855e-07	1.353465e-09	1.539571e+00	9.160449e+01
2.480000e-06	6.308517e-08	1.228510e-09	4.405012e-01	8.355449e+01
2.490000e-06	-9.435619e-08	1.103571e-09	-6.588555e-01	7.503801e+01
2.500000e-06	-2.516762e-07	9.692224e-10	-1.757365e+00	6.611279e+01
2.510000e-06	-4.088341e-07	8.222013e-10	-2.854742e+00	5.679228e+01
2.520000e-06	-5.657933e-07	6.697321e-10	-3.950732e+00	4.697900e+01
2.530000e-06	-7.225469e-07	5.153617e-10	-5.045286e+00	3.648568e+01
2.540000e-06	-8.790023e-07	3.477177e-10	-6.137758e+00	2.514089e+01
2.550000e-06	-1.035104e-06	1.601549e-10	-7.227762e+00	1.290989e+01
2.560000e-06	-1.190811e-06	-4.429240e-11	-8.315003e+00	-5.387277e-02
2.570000e-06	-1.346071e-06	-2.506533e-10	-9.399135e+00	-1.346312e+01
2.580000e-06	-1.500893e-06	-4.539674e-10	-1.048020e+01	-2.701799e+01
2.590000e-06	-1.655207e-06	-6.582577e-10	-1.155772e+01	-4.051038e+01
2.600000e-06	-1.808942e-06	-8.660804e-10	-1.263119e+01	-5.384533e+01
2.610000e-06	-1.961968e-06	-1.070072e-09	-1.369972e+01	-6.697847e+01
2.620000e-06	-2.114171e-06	-1.264338e-09	-1.476250e+01	-7.983009e+01
2.630000e-06	-2.265573e-06	-1.452897e-09	-1.581969e+01	-9.224795e+01
2.640000e-06	-2.416213e-06	-1.636061e-09	-1.687155e+01	-1.040467e+02
2.650000e-06	-2.566045e-06	-1.809893e-09	-1.791778e+01	-1.150894e+02
2.660000e-06	-2.714944e-06	-1.966493e-09	-1.895748e+01	-1.253448e+02
2.670000e-06	-2.862848e-06	-2.106238e-09	-1.999024e+01	-1.348765e+02
2.680000e-06	-3.009719e-06	-2.239387e-09	-2.101579e+01	-1.437764e+02
2.690000e-06	-3.155520e-06	-2.367931e-09	-2.203387e+01	-1.520958e+02
2.700000e-06	-3.300166e-06	-2.487001e-09	-2.304387e+01	-1.598283e+02
2.710000e-06	-3.443549e-06	-2.594788e-09	-2.404507e+01	-1.669512e+02
2.720000e-06	-3.585678e-06	-2.694213e-09	-2.503751e+01	-1.734851e+02
2.730000e-06	-3.726471e-06	-2.788210e-09	-2.602061e+01	-1.795184e+02
2.740000e-06	-3.865874e-06	-2.875653e-09	-2.699402e+01	-1.851757e+02
2.750000e-06	-4.003839e-06	-2.954041e-09	-2.795737e+01	-1.905545e+02
2.760000e-06	-4.140275e-06	-3.025720e-09	-2.891005e+01	-1.956821e+02
2.770000e-06	-4.275147e-06	-3.096847e-09	-2.985182e+01	-2.005269e+02
2.780000e-06	-4.408457e-06	-3.169085e-09	-3.078267e+01	-2.050510e+02
2.790000e-06	-4.540273e-06	-3.239213e-09	-3.170310e+01	-2.092607e+02
2.800000e-06	-4.670489e-06	-3.304011e-09	-3.261235e+01	-2.132122e+02
2.810000e-06	-4.799058e-06	-3.364367e-09	-3.351010e+01	-2.169720e+02
2.820000e-06	-4.925950e-06	-3.419260e-09	-3.439615e+01	-2.205663e+02
2.830000e-06	-5.051113e-06	-3.466479e-09	-3.527011e+01	-2.239674e+02
2.840000e-06	-5.174525e-06	-3.506707e-09	-3.613186e+01	-2.271282e+02
2.850000e-06	-5.296055e-06	-3.544312e-09	-3.698046e+01	-2.300377e+02
2.860000e-06	-5.415592e-06	-3.584617e-09	-3.781514e+01	-2.327485e+02
2.870000e-06	-5.533045e-06	-3.625864e-09	-3.863527e+01	-2.353512e+02
2.880000e-06	-5.648226e-06	-3.666425e-09	-3.943954e+01	-2.379129e+02
2.890000e-06	-5.761131e-06	-3.705655e-09	-4.022792e+01	-2.404293e+02
2.900000e-06	-5.871855e-06	-3.742769e-09	-4.100106e+01	-2.428309e+02
2.910000e-06	-5.980471e-06	-3.774693e-09	-4.175949e+01	-2.450405e+02
2.920000e-06	-6.087080e-06	-3.801179e-09	-4.250390e+01	-2.470375e+02
2.930000e-06	-6.191602e-06	-3.824957e-09	-4.323374e+01	-2.488778e+02
2.940000e-06	-6.293888e-06	-3.846709e-09	-4.394797e+01	-2.506547e+02
2.950000e-06	-6.393833e-06	-3.867895e-09	-4.464584e+01	-2.524296e+02
2.960000e-06	-6.491538e-06	-3.889140e-09	-4.532809e+01	-2.541893e+02
2.970000e-06	-6.587028e-06	-3.913281e-09	-4.599486e+01	-2.558632e+02
2.980000e-06	-6.680138e-06	-3.938771e-09	-4.664502e+01	-2.573851e+02
2.990000e-06	-6.770847e-06	-3.960423e-09	-4.727840e+01	-2.587508e+02
3.000000e-06	-6.859250e-06	-3.976555e-09	-4.789569e+01	-2.600243e+02
3.010000e-06	-6.945231e-06	-3.990835e-09	-4.849606e+01	-2.612883e+02
3.020000e-06	-7.028645e-06	-4.004874e-09	-4.907851e+01	-2.625790e+02
3.030000e-06	-7.109588e-06	-4.017136e-09	-4.964371e+01	-2.638583e+02
3.040000e-06	-7.187992e-06	-4.027449e-09	-5.019118e+01	-2.650451e+02
3.050000e-06	-7.263611e-06	-4.040159e-09	-5.071920e+01	-2.660806e+02
3.060000e-06	-7.336499e-06	-4.056447e-09	-5.122815e+01	-2.669753e+02
3.070000e-06	-7.406747e-06	-4.071086e-09	-5.171867e+01	-2.678000e+02
3.080000e-06	-7.474295e-06	-4.080528e-09	-5.219033e+01	-2.686294e+02
3.090000e-06	-7.539290e-06	-4.087042e-09	-5.264416e+01	-2.694837e+02
3.100000e-06	-7.601681e-06	-4.096640e-09	-5.307982e+01	-2.703148e+02
3.110000e-06	-7.661300e-06	-4.106717e-09	-5.349611e+01	-2.710469e+02
3.120000e-06	-7.718156e-06	-4.113094e-09	-5.389312e+01	-2.716376e+02
3.130000e-06	-7.772105e-06	-4.116122e-09	-5.426983e+01	-2.721116e+02
3.140000e-06	-7.823026e-06	-4.118308e-09	-5.462539e+01	-2.725403e+02
3.150000e-06	-7.870874e-06	-4.121687e-09	-5.495949e+01	-2.729886e+02
3.160000e-06	-7.915845e-06	-4.125001e-09	-5.527351e+01	-2.734707e+02
3.170000e-06	-7.958230e-06	-4.128615e-09	-5.556947e+01	-2.739486e+02
3.180000e-06	-7.997962e-06	-4.132781e-09	-5.584690e+01	-2.743711e+02
3.190000e-06	-8.034868e-06	-4.139474e-09	-5.610461e+01	-2.747150e+02
3.200000e-06	-8.068972e-06	-4.143966e-09	-5.634274e+01	-2.749974e+02
3.210000e-06	-8.100225e-06	-4.142694e-09	-5.656098e+01	-2.752503e+02
3.220000e-06	-8.128478e-06	-4.138568e-09	-5.675825e+01	-2.754872e+02
3.230000e-06	-8.153872e-06	-4.135581e-09	-5.693557e+01	-2.756944e+02
3.240000e-06	-8.176386e-06	-4.136088e-09	-5.709277e+01	-2.758522e+02
3.250000e-06	-8.195959e-06	-4.137646e-09	-5.722945e+01	-2.759639e+02
3.260000e-06	-8.212710e-06	-4.138877e-09	-5.734642e+01	-2.760582e+02
3.270000e-06	-8.226429e-06	-4.139819e-09	-5.744221e+01	-2.761577e+02
3.280000e-06	-8.236971e-06	-4.139287e-09	-5.751582e+01	-2.762424e+02
3.290000e-06	-8.244576e-06	-4.135575e-09	-5.756892e+01	-2.762497e+02
3.300000e-06	-8.249234e-06	-4.128055e-09	-5.760145e+01	-2.761252e+02
3.310000e-06	-8.251021e-06	-4.117784e-09	-5.761393e+01	-2.758881e+02
