# Temperatura_=_26.22
# Concentracion g/m^3_=_5700.0
# C_Vs_to_Am_M_A/Vsm_=_65563218390.804596
# pendiente_HvsI_1/m_=_3716.3
# ordenada_HvsI_A/m_=_1297.0
# frecuencia_Hz_=_301563.0122824406

Tiempo_(s)	Campo_(V.s)	Magnetizacion_(V.s)	Campo_(kA/m)	Magnetizacion_(A/m)
0.000000e+00	-8.320611e-06	-4.103554e-09	-5.762047e+01	-2.754624e+02
1.000000e-08	-8.317931e-06	-4.110335e-09	-5.760192e+01	-2.753225e+02
2.000000e-08	-8.312535e-06	-4.112967e-09	-5.756455e+01	-2.753840e+02
3.000000e-08	-8.304554e-06	-4.113273e-09	-5.750928e+01	-2.755915e+02
4.000000e-08	-8.293674e-06	-4.112479e-09	-5.743393e+01	-2.757382e+02
5.000000e-08	-8.279740e-06	-4.105436e-09	-5.733744e+01	-2.755717e+02
6.000000e-08	-8.262792e-06	-4.090762e-09	-5.722008e+01	-2.749664e+02
7.000000e-08	-8.243172e-06	-4.050253e-09	-5.708421e+01	-2.740445e+02
8.000000e-08	-8.221014e-06	-4.061000e-09	-5.693076e+01	-2.731458e+02
9.000000e-08	-8.195714e-06	-4.169372e-09	-5.675556e+01	-2.726378e+02
1.000000e-07	-8.167096e-06	-4.181636e-09	-5.655738e+01	-2.726754e+02
1.100000e-07	-8.135457e-06	-4.132587e-09	-5.633828e+01	-2.730714e+02
1.200000e-07	-8.100876e-06	-4.148534e-09	-5.609880e+01	-2.733801e+02
1.300000e-07	-8.063590e-06	-4.171166e-09	-5.584060e+01	-2.731587e+02
1.400000e-07	-8.024069e-06	-4.016425e-09	-5.556691e+01	-2.722464e+02
1.500000e-07	-7.982122e-06	-3.966808e-09	-5.527643e+01	-2.708780e+02
1.600000e-07	-7.937168e-06	-4.117055e-09	-5.496512e+01	-2.695509e+02
1.700000e-07	-7.889382e-06	-3.969146e-09	-5.463420e+01	-2.687257e+02
1.800000e-07	-7.838682e-06	-4.065150e-09	-5.428310e+01	-2.685506e+02
1.900000e-07	-7.784765e-06	-4.122081e-09	-5.390972e+01	-2.687865e+02
2.000000e-07	-7.727982e-06	-4.015061e-09	-5.351650e+01	-2.689732e+02
2.100000e-07	-7.668403e-06	-4.062605e-09	-5.310391e+01	-2.687201e+02
2.200000e-07	-7.606089e-06	-3.992392e-09	-5.267239e+01	-2.679280e+02
2.300000e-07	-7.541020e-06	-4.038014e-09	-5.222178e+01	-2.668052e+02
2.400000e-07	-7.473109e-06	-3.983531e-09	-5.175150e+01	-2.656867e+02
2.500000e-07	-7.402532e-06	-3.978962e-09	-5.126275e+01	-2.647959e+02
2.600000e-07	-7.329124e-06	-3.994888e-09	-5.075440e+01	-2.641136e+02
2.700000e-07	-7.252874e-06	-3.982674e-09	-5.022636e+01	-2.634322e+02
2.800000e-07	-7.173814e-06	-3.988416e-09	-4.967887e+01	-2.625342e+02
2.900000e-07	-7.091973e-06	-3.901613e-09	-4.911212e+01	-2.613566e+02
3.000000e-07	-7.007683e-06	-3.929547e-09	-4.852841e+01	-2.600227e+02
3.100000e-07	-6.921092e-06	-3.912288e-09	-4.792876e+01	-2.587334e+02
3.200000e-07	-6.832115e-06	-3.902831e-09	-4.731259e+01	-2.576097e+02
3.300000e-07	-6.740670e-06	-3.895829e-09	-4.667933e+01	-2.566091e+02
3.400000e-07	-6.646833e-06	-3.850523e-09	-4.602951e+01	-2.555710e+02
3.500000e-07	-6.550598e-06	-3.847538e-09	-4.536308e+01	-2.543477e+02
3.600000e-07	-6.451905e-06	-3.838952e-09	-4.467963e+01	-2.529148e+02
3.700000e-07	-6.350895e-06	-3.826934e-09	-4.398013e+01	-2.513795e+02
3.800000e-07	-6.247643e-06	-3.780167e-09	-4.326511e+01	-2.498885e+02
3.900000e-07	-6.142033e-06	-3.769043e-09	-4.253376e+01	-2.485119e+02
4.000000e-07	-6.034233e-06	-3.762589e-09	-4.178724e+01	-2.471928e+02
4.100000e-07	-5.924406e-06	-3.739374e-09	-4.102669e+01	-2.457967e+02
4.200000e-07	-5.812364e-06	-3.705034e-09	-4.025079e+01	-2.442150e+02
4.300000e-07	-5.697964e-06	-3.672243e-09	-3.945857e+01	-2.424401e+02
4.400000e-07	-5.581324e-06	-3.667673e-09	-3.865083e+01	-2.405567e+02
4.500000e-07	-5.462631e-06	-3.656537e-09	-3.782888e+01	-2.386641e+02
4.600000e-07	-5.341939e-06	-3.622944e-09	-3.699308e+01	-2.367962e+02
4.700000e-07	-5.219295e-06	-3.573521e-09	-3.614377e+01	-2.349019e+02
4.800000e-07	-5.094793e-06	-3.543317e-09	-3.528159e+01	-2.328974e+02
4.900000e-07	-4.968487e-06	-3.526573e-09	-3.440691e+01	-2.307416e+02
5.000000e-07	-4.840438e-06	-3.501155e-09	-3.352017e+01	-2.284686e+02
5.100000e-07	-4.710589e-06	-3.459077e-09	-3.262096e+01	-2.261524e+02
5.200000e-07	-4.578999e-06	-3.422337e-09	-3.170970e+01	-2.238331e+02
5.300000e-07	-4.445792e-06	-3.396737e-09	-3.078724e+01	-2.214694e+02
5.400000e-07	-4.310935e-06	-3.366197e-09	-2.985335e+01	-2.189594e+02
5.500000e-07	-4.174607e-06	-3.314151e-09	-2.890928e+01	-2.162183e+02
5.600000e-07	-4.036632e-06	-3.261247e-09	-2.795379e+01	-2.132506e+02
5.700000e-07	-3.896939e-06	-3.223724e-09	-2.698642e+01	-2.101597e+02
5.800000e-07	-3.755825e-06	-3.190377e-09	-2.600920e+01	-2.070808e+02
5.900000e-07	-3.613285e-06	-3.144024e-09	-2.502211e+01	-2.040850e+02
6.000000e-07	-3.469183e-06	-3.087111e-09	-2.402420e+01	-2.011229e+02
6.100000e-07	-3.323726e-06	-3.041119e-09	-2.301690e+01	-1.980493e+02
6.200000e-07	-3.177227e-06	-3.002943e-09	-2.200239e+01	-1.947122e+02
6.300000e-07	-3.029724e-06	-2.956168e-09	-2.098093e+01	-1.910437e+02
6.400000e-07	-2.881246e-06	-2.888424e-09	-1.995271e+01	-1.870934e+02
6.500000e-07	-2.731806e-06	-2.820392e-09	-1.891784e+01	-1.829856e+02
6.600000e-07	-2.581402e-06	-2.760371e-09	-1.787629e+01	-1.788369e+02
6.700000e-07	-2.430033e-06	-2.704019e-09	-1.682805e+01	-1.746891e+02
6.800000e-07	-2.277836e-06	-2.638719e-09	-1.577408e+01	-1.704960e+02
6.900000e-07	-2.124890e-06	-2.567946e-09	-1.471492e+01	-1.661607e+02
7.000000e-07	-1.971012e-06	-2.504075e-09	-1.364932e+01	-1.615894e+02
7.100000e-07	-1.816178e-06	-2.441463e-09	-1.257708e+01	-1.567257e+02
7.200000e-07	-1.660705e-06	-2.365617e-09	-1.150043e+01	-1.515547e+02
7.300000e-07	-1.504761e-06	-2.274531e-09	-1.042051e+01	-1.460904e+02
7.400000e-07	-1.348349e-06	-2.182864e-09	-9.337354e+00	-1.403631e+02
7.500000e-07	-1.191465e-06	-2.092063e-09	-8.250933e+00	-1.344138e+02
7.600000e-07	-1.034100e-06	-2.003192e-09	-7.161174e+00	-1.282848e+02
7.700000e-07	-8.764115e-07	-1.905350e-09	-6.069175e+00	-1.219982e+02
7.800000e-07	-7.184607e-07	-1.803301e-09	-4.975361e+00	-1.155295e+02
7.900000e-07	-5.602399e-07	-1.705295e-09	-3.879678e+00	-1.087982e+02
8.000000e-07	-4.018466e-07	-1.604610e-09	-2.782799e+00	-1.016935e+02
8.100000e-07	-2.433404e-07	-1.490236e-09	-1.685139e+00	-9.412692e+01
8.200000e-07	-8.474058e-08	-1.360864e-09	-5.868310e-01	-8.607706e+01
8.300000e-07	7.392791e-08	-1.229360e-09	5.119529e-01	-7.759072e+01
8.400000e-07	2.325422e-07	-1.097027e-09	1.610362e+00	-6.872908e+01
8.500000e-07	3.909730e-07	-9.601089e-10	2.707500e+00	-5.949211e+01
8.600000e-07	5.492406e-07	-8.096424e-10	3.803507e+00	-4.977566e+01
8.700000e-07	7.073728e-07	-6.459265e-10	4.898577e+00	-3.940024e+01
8.800000e-07	8.653440e-07	-4.749564e-10	5.992533e+00	-2.820276e+01
8.900000e-07	1.022981e-06	-2.938126e-10	7.084176e+00	-1.613717e+01
9.000000e-07	1.180238e-06	-9.892266e-11	8.173179e+00	-3.320637e+00
9.100000e-07	1.337115e-06	1.051639e-10	9.259557e+00	1.000304e+01
9.200000e-07	1.493526e-06	3.103358e-10	1.034271e+01	2.355662e+01
9.300000e-07	1.649481e-06	5.128820e-10	1.142270e+01	3.711756e+01
9.400000e-07	1.804961e-06	7.148619e-10	1.249941e+01	5.054891e+01
9.500000e-07	1.959819e-06	9.197758e-10	1.357181e+01	6.376580e+01
9.600000e-07	2.113837e-06	1.119547e-09	1.463838e+01	7.667684e+01
9.700000e-07	2.266985e-06	1.306225e-09	1.569894e+01	8.915247e+01
9.800000e-07	2.419267e-06	1.481877e-09	1.675349e+01	1.010450e+02
9.900000e-07	2.570541e-06	1.651818e-09	1.780107e+01	1.122413e+02
1.000000e-06	2.720811e-06	1.814656e-09	1.884170e+01	1.227021e+02
1.010000e-06	2.870139e-06	1.964630e-09	1.987580e+01	1.324566e+02
1.020000e-06	3.018540e-06	2.100797e-09	2.090348e+01	1.415578e+02
1.030000e-06	3.165949e-06	2.228275e-09	2.192429e+01	1.500354e+02
1.040000e-06	3.312216e-06	2.349834e-09	2.293719e+01	1.578862e+02
1.050000e-06	3.457260e-06	2.462255e-09	2.394163e+01	1.651056e+02
1.060000e-06	3.600965e-06	2.563746e-09	2.493679e+01	1.717326e+02
1.070000e-06	3.743344e-06	2.657879e-09	2.592277e+01	1.778642e+02
1.080000e-06	3.884426e-06	2.746761e-09	2.689976e+01	1.836236e+02
1.090000e-06	4.024045e-06	2.831681e-09	2.786663e+01	1.891028e+02
1.100000e-06	4.162064e-06	2.910582e-09	2.882241e+01	1.943236e+02
1.110000e-06	4.298399e-06	2.983304e-09	2.976654e+01	1.992481e+02
1.120000e-06	4.433137e-06	3.053410e-09	3.069960e+01	2.038311e+02
1.130000e-06	4.566399e-06	3.122060e-09	3.162244e+01	2.080739e+02
1.140000e-06	4.698120e-06	3.186909e-09	3.253462e+01	2.120383e+02
1.150000e-06	4.828139e-06	3.243858e-09	3.343500e+01	2.158103e+02
1.160000e-06	4.956320e-06	3.294768e-09	3.432266e+01	2.194440e+02
1.170000e-06	5.082767e-06	3.346764e-09	3.519831e+01	2.229309e+02
1.180000e-06	5.207572e-06	3.400501e-09	3.606259e+01	2.262182e+02
1.190000e-06	5.330573e-06	3.448540e-09	3.691437e+01	2.292632e+02
1.200000e-06	5.451545e-06	3.492160e-09	3.775211e+01	2.320775e+02
1.210000e-06	5.570510e-06	3.535093e-09	3.857595e+01	2.347272e+02
1.220000e-06	5.687462e-06	3.579297e-09	3.938584e+01	2.372879e+02
1.230000e-06	5.802179e-06	3.619661e-09	4.018026e+01	2.397904e+02
1.240000e-06	5.914591e-06	3.655398e-09	4.095872e+01	2.422012e+02
1.250000e-06	6.024886e-06	3.688497e-09	4.172251e+01	2.444535e+02
1.260000e-06	6.133222e-06	3.722202e-09	4.247274e+01	2.465058e+02
1.270000e-06	6.239383e-06	3.756191e-09	4.320791e+01	2.483823e+02
1.280000e-06	6.343200e-06	3.786103e-09	4.392684e+01	2.501638e+02
1.290000e-06	6.444765e-06	3.814853e-09	4.463019e+01	2.519355e+02
1.300000e-06	6.543975e-06	3.843756e-09	4.531722e+01	2.537306e+02
1.310000e-06	6.640698e-06	3.874485e-09	4.598703e+01	2.555110e+02
1.320000e-06	6.735073e-06	3.905726e-09	4.664058e+01	2.571978e+02
1.330000e-06	6.827239e-06	3.934566e-09	4.727883e+01	2.587267e+02
1.340000e-06	6.916942e-06	3.959296e-09	4.790002e+01	2.600893e+02
1.350000e-06	7.004126e-06	3.982264e-09	4.850378e+01	2.613313e+02
1.360000e-06	7.088966e-06	4.005003e-09	4.909129e+01	2.625170e+02
1.370000e-06	7.171329e-06	4.025565e-09	4.966166e+01	2.636880e+02
1.380000e-06	7.251095e-06	4.044140e-09	5.021404e+01	2.648455e+02
1.390000e-06	7.328242e-06	4.062700e-09	5.074829e+01	2.659634e+02
1.400000e-06	7.402656e-06	4.082760e-09	5.126361e+01	2.670132e+02
1.410000e-06	7.474313e-06	4.102384e-09	5.175984e+01	2.679806e+02
1.420000e-06	7.543363e-06	4.120222e-09	5.223801e+01	2.688631e+02
1.430000e-06	7.609692e-06	4.136919e-09	5.269734e+01	2.696600e+02
1.440000e-06	7.673291e-06	4.152627e-09	5.313776e+01	2.703703e+02
1.450000e-06	7.734330e-06	4.165945e-09	5.356046e+01	2.710030e+02
1.460000e-06	7.792617e-06	4.177610e-09	5.396410e+01	2.715880e+02
1.470000e-06	7.848043e-06	4.188801e-09	5.434793e+01	2.721693e+02
1.480000e-06	7.900469e-06	4.199813e-09	5.471098e+01	2.727801e+02
1.490000e-06	7.949681e-06	4.210504e-09	5.505177e+01	2.734146e+02
1.500000e-06	7.995949e-06	4.221013e-09	5.537218e+01	2.740228e+02
1.510000e-06	8.039441e-06	4.232985e-09	5.567336e+01	2.745388e+02
1.520000e-06	8.080038e-06	4.244925e-09	5.595450e+01	2.749250e+02
1.530000e-06	8.117814e-06	4.255071e-09	5.621610e+01	2.752001e+02
1.540000e-06	8.152816e-06	4.263797e-09	5.645849e+01	2.754282e+02
1.550000e-06	8.184949e-06	4.269831e-09	5.668101e+01	2.756739e+02
1.560000e-06	8.214277e-06	4.273734e-09	5.688410e+01	2.759588e+02
1.570000e-06	8.240655e-06	4.278811e-09	5.706678e+01	2.762513e+02
1.580000e-06	8.263988e-06	4.285887e-09	5.722836e+01	2.764971e+02
1.590000e-06	8.284551e-06	4.292388e-09	5.737075e+01	2.766629e+02
1.600000e-06	8.302272e-06	4.296990e-09	5.749348e+01	2.767553e+02
1.610000e-06	8.316893e-06	4.300144e-09	5.759473e+01	2.768004e+02
1.620000e-06	8.328273e-06	4.303574e-09	5.767353e+01	2.768045e+02
1.630000e-06	8.336497e-06	4.306382e-09	5.773048e+01	2.767384e+02
1.640000e-06	8.341876e-06	4.307262e-09	5.776774e+01	2.765688e+02
1.650000e-06	8.344335e-06	4.308873e-09	5.778476e+01	2.763132e+02
1.660000e-06	8.343861e-06	4.310131e-09	5.778148e+01	2.760668e+02
1.670000e-06	8.340668e-06	4.302447e-09	5.775937e+01	2.759591e+02
1.680000e-06	8.334708e-06	4.300796e-09	5.771809e+01	2.760550e+02
1.690000e-06	8.325935e-06	4.299900e-09	5.765734e+01	2.762695e+02
1.700000e-06	8.314265e-06	4.296312e-09	5.757653e+01	2.763769e+02
1.710000e-06	8.299677e-06	4.300683e-09	5.747551e+01	2.761345e+02
1.720000e-06	8.282523e-06	4.328111e-09	5.735672e+01	2.754554e+02
1.730000e-06	8.262963e-06	4.341417e-09	5.722126e+01	2.745082e+02
1.740000e-06	8.240447e-06	4.209624e-09	5.706534e+01	2.736549e+02
1.750000e-06	8.214131e-06	4.158837e-09	5.688310e+01	2.732416e+02
1.760000e-06	8.183852e-06	4.194847e-09	5.667341e+01	2.733662e+02
1.770000e-06	8.150482e-06	4.155087e-09	5.644233e+01	2.737826e+02
1.780000e-06	8.114795e-06	4.147845e-09	5.619519e+01	2.740236e+02
1.790000e-06	8.076859e-06	4.340463e-09	5.593249e+01	2.736788e+02
1.800000e-06	8.036859e-06	4.250291e-09	5.565548e+01	2.726566e+02
1.810000e-06	7.994468e-06	4.151117e-09	5.536192e+01	2.712551e+02
1.820000e-06	7.949111e-06	4.295035e-09	5.504782e+01	2.699895e+02
1.830000e-06	7.900928e-06	4.100631e-09	5.471416e+01	2.692806e+02
1.840000e-06	7.849494e-06	4.184173e-09	5.435797e+01	2.692056e+02
1.850000e-06	7.794869e-06	4.133844e-09	5.397969e+01	2.694678e+02
1.860000e-06	7.737526e-06	4.101147e-09	5.358259e+01	2.695976e+02
1.870000e-06	7.677358e-06	4.225249e-09	5.316593e+01	2.692450e+02
1.880000e-06	7.614522e-06	4.100104e-09	5.273079e+01	2.683711e+02
1.890000e-06	7.548893e-06	4.204994e-09	5.227630e+01	2.672242e+02
1.900000e-06	7.480459e-06	4.083993e-09	5.180239e+01	2.661357e+02
1.910000e-06	7.409199e-06	4.081789e-09	5.130892e+01	2.652901e+02
1.920000e-06	7.335051e-06	4.088004e-09	5.079544e+01	2.646255e+02
1.930000e-06	7.258122e-06	4.029339e-09	5.026271e+01	2.639180e+02
1.940000e-06	7.178407e-06	4.105776e-09	4.971068e+01	2.629683e+02
1.950000e-06	7.096223e-06	3.988716e-09	4.914155e+01	2.617488e+02
1.960000e-06	7.011492e-06	4.053547e-09	4.855479e+01	2.604080e+02
1.970000e-06	6.924128e-06	3.977594e-09	4.794979e+01	2.591431e+02
1.980000e-06	6.834373e-06	3.950663e-09	4.732823e+01	2.580486e+02
1.990000e-06	6.742251e-06	3.955657e-09	4.669029e+01	2.570541e+02
2.000000e-06	6.647722e-06	3.922125e-09	4.603567e+01	2.559906e+02
2.010000e-06	6.550783e-06	3.944499e-09	4.536436e+01	2.547267e+02
2.020000e-06	6.451566e-06	3.864029e-09	4.467728e+01	2.532643e+02
2.030000e-06	6.349972e-06	3.869023e-09	4.397374e+01	2.517264e+02
2.040000e-06	6.246027e-06	3.809150e-09	4.325392e+01	2.502538e+02
2.050000e-06	6.139931e-06	3.826352e-09	4.251920e+01	2.488944e+02
2.060000e-06	6.031749e-06	3.796257e-09	4.177004e+01	2.475715e+02
2.070000e-06	5.921402e-06	3.772187e-09	4.100588e+01	2.461473e+02
2.080000e-06	5.808796e-06	3.741809e-09	4.022608e+01	2.445278e+02
2.090000e-06	5.693911e-06	3.702003e-09	3.943050e+01	2.427250e+02
2.100000e-06	5.576665e-06	3.684239e-09	3.861857e+01	2.408332e+02
2.110000e-06	5.457308e-06	3.631666e-09	3.779202e+01	2.389446e+02
2.120000e-06	5.336035e-06	3.615316e-09	3.695220e+01	2.370771e+02
2.130000e-06	5.212919e-06	3.577709e-09	3.609962e+01	2.351683e+02
2.140000e-06	5.087856e-06	3.566513e-09	3.523355e+01	2.331372e+02
2.150000e-06	4.960917e-06	3.514400e-09	3.435449e+01	2.309553e+02
2.160000e-06	4.832329e-06	3.476987e-09	3.346402e+01	2.286685e+02
2.170000e-06	4.702058e-06	3.432425e-09	3.256189e+01	2.263503e+02
2.180000e-06	4.570112e-06	3.404220e-09	3.164816e+01	2.240280e+02
2.190000e-06	4.436426e-06	3.367695e-09	3.072238e+01	2.216458e+02
2.200000e-06	4.301108e-06	3.322717e-09	2.978530e+01	2.190983e+02
2.210000e-06	4.164336e-06	3.275849e-09	2.883815e+01	2.163126e+02
2.220000e-06	4.026065e-06	3.228320e-09	2.788062e+01	2.133126e+02
2.230000e-06	3.886185e-06	3.190184e-09	2.691194e+01	2.102140e+02
2.240000e-06	3.744699e-06	3.137698e-09	2.593215e+01	2.071473e+02
2.250000e-06	3.601800e-06	3.088933e-09	2.494257e+01	2.041641e+02
2.260000e-06	3.457722e-06	3.036804e-09	2.394482e+01	2.011937e+02
2.270000e-06	3.312444e-06	2.993875e-09	2.293877e+01	1.980822e+02
2.280000e-06	3.165942e-06	2.938617e-09	2.192424e+01	1.946869e+02
2.290000e-06	3.018406e-06	2.878178e-09	2.090255e+01	1.909608e+02
2.300000e-06	2.869871e-06	2.811308e-09	1.987394e+01	1.869717e+02
2.310000e-06	2.720109e-06	2.752644e-09	1.883684e+01	1.828490e+02
2.320000e-06	2.569291e-06	2.692719e-09	1.779241e+01	1.786996e+02
2.330000e-06	2.417700e-06	2.628668e-09	1.674264e+01	1.745486e+02
2.340000e-06	2.265278e-06	2.558266e-09	1.568712e+01	1.703372e+02
2.350000e-06	2.112049e-06	2.488692e-09	1.462600e+01	1.659653e+02
2.360000e-06	1.958067e-06	2.418579e-09	1.355967e+01	1.613440e+02
2.370000e-06	1.803390e-06	2.340615e-09	1.248853e+01	1.564249e+02
2.380000e-06	1.648150e-06	2.255880e-09	1.141349e+01	1.511994e+02
2.390000e-06	1.492472e-06	2.169112e-09	1.033541e+01	1.456850e+02
2.400000e-06	1.336255e-06	2.087655e-09	9.253608e+00	1.399142e+02
2.410000e-06	1.179435e-06	2.000975e-09	8.167619e+00	1.339293e+02
2.420000e-06	1.022065e-06	1.907365e-09	7.077831e+00	1.277710e+02
2.430000e-06	8.641546e-07	1.805596e-09	5.984296e+00	1.214548e+02
2.440000e-06	7.058181e-07	1.705078e-09	4.887811e+00	1.149459e+02
2.450000e-06	5.472616e-07	1.602467e-09	3.789802e+00	1.081556e+02
2.460000e-06	3.885893e-07	1.491741e-09	2.690992e+00	1.009729e+02
2.470000e-06	2.297655e-07	1.370257e-09	1.591133e+00	9.331863e+01
2.480000e-06	7.085061e-08	1.245544e-09	4.906426e-01	8.518544e+01
2.490000e-06	-8.808055e-08	1.119749e-09	-6.099604e-01	7.662781e+01
2.500000e-06	-2.469477e-07	9.856331e-10	-1.710120e+00	6.770136e+01
2.510000e-06	-4.057241e-07	8.403948e-10	-2.809651e+00	5.838882e+01
2.520000e-06	-5.643226e-07	6.880253e-10	-3.907950e+00	4.856824e+01
2.530000e-06	-7.226516e-07	5.318957e-10	-5.004384e+00	3.805519e+01
2.540000e-06	-8.806507e-07	3.635048e-10	-6.098532e+00	2.670093e+01
2.550000e-06	-1.038231e-06	1.763911e-10	-7.189783e+00	1.448747e+01
2.560000e-06	-1.195309e-06	-2.704312e-11	-8.277552e+00	1.559582e+00
2.570000e-06	-1.351815e-06	-2.330677e-10	-9.361356e+00	-1.182541e+01
2.580000e-06	-1.507825e-06	-4.372287e-10	-1.044173e+01	-2.539474e+01
2.590000e-06	-1.663366e-06	-6.440046e-10	-1.151886e+01	-3.894094e+01
2.600000e-06	-1.818300e-06	-8.529606e-10	-1.259178e+01	-5.234024e+01
2.610000e-06	-1.972494e-06	-1.056977e-09	-1.365958e+01	-6.551077e+01
2.620000e-06	-2.125946e-06	-1.250741e-09	-1.472224e+01	-7.835522e+01
2.630000e-06	-2.278639e-06	-1.437938e-09	-1.577964e+01	-9.073789e+01
2.640000e-06	-2.430538e-06	-1.619660e-09	-1.683155e+01	-1.025132e+02
2.650000e-06	-2.581650e-06	-1.793385e-09	-1.787800e+01	-1.135792e+02
2.660000e-06	-2.731905e-06	-1.952574e-09	-1.891852e+01	-1.239109e+02
2.670000e-06	-2.881125e-06	-2.095987e-09	-1.995188e+01	-1.335457e+02
2.680000e-06	-3.029211e-06	-2.231749e-09	-2.097738e+01	-1.425350e+02
2.690000e-06	-3.176193e-06	-2.361966e-09	-2.199523e+01	-1.509022e+02
2.700000e-06	-3.322048e-06	-2.480282e-09	-2.300528e+01	-1.586403e+02
2.710000e-06	-3.466710e-06	-2.584628e-09	-2.400707e+01	-1.657500e+02
2.720000e-06	-3.610224e-06	-2.681637e-09	-2.500091e+01	-1.722806e+02
2.730000e-06	-3.752481e-06	-2.775468e-09	-2.598604e+01	-1.783374e+02
2.740000e-06	-3.893208e-06	-2.864945e-09	-2.696058e+01	-1.840423e+02
2.750000e-06	-4.032292e-06	-2.947738e-09	-2.792374e+01	-1.894765e+02
2.760000e-06	-4.169824e-06	-3.023532e-09	-2.887615e+01	-1.946488e+02
2.770000e-06	-4.305904e-06	-3.095496e-09	-2.981851e+01	-1.995154e+02
2.780000e-06	-4.440484e-06	-3.165611e-09	-3.075048e+01	-2.040363e+02
2.790000e-06	-4.573433e-06	-3.229165e-09	-3.167116e+01	-2.082240e+02
2.800000e-06	-4.704709e-06	-3.286280e-09	-3.258025e+01	-2.121485e+02
2.810000e-06	-4.834401e-06	-3.343883e-09	-3.347837e+01	-2.158941e+02
2.820000e-06	-4.962497e-06	-3.401070e-09	-3.436544e+01	-2.195047e+02
2.830000e-06	-5.088837e-06	-3.453503e-09	-3.524035e+01	-2.229608e+02
2.840000e-06	-5.213222e-06	-3.500766e-09	-3.610171e+01	-2.262075e+02
2.850000e-06	-5.335744e-06	-3.544475e-09	-3.695018e+01	-2.292091e+02
2.860000e-06	-5.456445e-06	-3.587096e-09	-3.778604e+01	-2.319887e+02
2.870000e-06	-5.575090e-06	-3.625019e-09	-3.860766e+01	-2.346182e+02
2.880000e-06	-5.691502e-06	-3.658910e-09	-3.941382e+01	-2.371687e+02
2.890000e-06	-5.805603e-06	-3.693504e-09	-4.020397e+01	-2.396596e+02
2.900000e-06	-5.917361e-06	-3.730149e-09	-4.097790e+01	-2.420476e+02
2.910000e-06	-6.026846e-06	-3.765461e-09	-4.173609e+01	-2.442662e+02
2.920000e-06	-6.134318e-06	-3.794285e-09	-4.248033e+01	-2.462838e+02
2.930000e-06	-6.239801e-06	-3.819621e-09	-4.321081e+01	-2.481370e+02
2.940000e-06	-6.343077e-06	-3.844435e-09	-4.392599e+01	-2.499120e+02
2.950000e-06	-6.443930e-06	-3.869067e-09	-4.462440e+01	-2.516882e+02
2.960000e-06	-6.542456e-06	-3.891104e-09	-4.530670e+01	-2.534859e+02
2.970000e-06	-6.638856e-06	-3.912297e-09	-4.597427e+01	-2.552562e+02
2.980000e-06	-6.732926e-06	-3.934592e-09	-4.662571e+01	-2.569188e+02
2.990000e-06	-6.824513e-06	-3.956038e-09	-4.725995e+01	-2.584174e+02
3.000000e-06	-6.913718e-06	-3.972441e-09	-4.787770e+01	-2.597546e+02
3.010000e-06	-7.000543e-06	-3.984533e-09	-4.847897e+01	-2.609826e+02
3.020000e-06	-7.084806e-06	-3.997294e-09	-4.906249e+01	-2.621643e+02
3.030000e-06	-7.166580e-06	-4.012680e-09	-4.962878e+01	-2.633345e+02
3.040000e-06	-7.245878e-06	-4.029393e-09	-5.017792e+01	-2.644878e+02
3.050000e-06	-7.322320e-06	-4.044753e-09	-5.070728e+01	-2.655959e+02
3.060000e-06	-7.395900e-06	-4.057656e-09	-5.121682e+01	-2.666321e+02
3.070000e-06	-7.466800e-06	-4.068325e-09	-5.170781e+01	-2.675850e+02
3.080000e-06	-7.535051e-06	-4.076142e-09	-5.218045e+01	-2.684529e+02
3.090000e-06	-7.600704e-06	-4.081074e-09	-5.263510e+01	-2.692349e+02
3.100000e-06	-7.663677e-06	-4.087331e-09	-5.307118e+01	-2.699307e+02
3.110000e-06	-7.723882e-06	-4.093727e-09	-5.348811e+01	-2.705527e+02
3.120000e-06	-7.781313e-06	-4.101595e-09	-5.388582e+01	-2.711343e+02
3.130000e-06	-7.835863e-06	-4.110336e-09	-5.426358e+01	-2.717199e+02
3.140000e-06	-7.887437e-06	-4.117300e-09	-5.462073e+01	-2.723373e+02
3.150000e-06	-7.935860e-06	-4.124123e-09	-5.495606e+01	-2.729723e+02
3.160000e-06	-7.981236e-06	-4.128656e-09	-5.527029e+01	-2.735693e+02
3.170000e-06	-8.024029e-06	-4.132254e-09	-5.556663e+01	-2.740640e+02
3.180000e-06	-8.064217e-06	-4.133392e-09	-5.584494e+01	-2.744278e+02
3.190000e-06	-8.101527e-06	-4.134212e-09	-5.610331e+01	-2.746897e+02
3.200000e-06	-8.135985e-06	-4.135095e-09	-5.634193e+01	-2.749176e+02
3.210000e-06	-8.167618e-06	-4.134973e-09	-5.656099e+01	-2.751709e+02
3.220000e-06	-8.196282e-06	-4.135230e-09	-5.675949e+01	-2.754613e+02
3.230000e-06	-8.222033e-06	-4.136364e-09	-5.693782e+01	-2.757500e+02
3.240000e-06	-8.244901e-06	-4.139232e-09	-5.709618e+01	-2.759834e+02
3.250000e-06	-8.264818e-06	-4.142186e-09	-5.723410e+01	-2.761351e+02
3.260000e-06	-8.281842e-06	-4.142244e-09	-5.735199e+01	-2.762179e+02
3.270000e-06	-8.295795e-06	-4.137890e-09	-5.744862e+01	-2.762568e+02
3.280000e-06	-8.306538e-06	-4.130998e-09	-5.752301e+01	-2.762519e+02
3.290000e-06	-8.314238e-06	-4.123073e-09	-5.757634e+01	-2.761696e+02
3.300000e-06	-8.319014e-06	-4.116346e-09	-5.760941e+01	-2.759817e+02
3.310000e-06	-8.320942e-06	-4.109322e-09	-5.762277e+01	-2.757194e+02
