4.410537e+02
4.178212e+02
4.176459e+02
4.153265e+02
4.197263e+02
4.027048e+02
4.149610e+02
4.063723e+02
4.012115e+02
3.982875e+02
3.994424e+02
4.013759e+02
3.805084e+02
3.944093e+02
3.738636e+02
3.847638e+02
3.816765e+02
3.816810e+02
3.860228e+02
3.647323e+02
3.759658e+02
3.822261e+02
3.756432e+02
3.623341e+02
3.790228e+02
3.802709e+02
3.780468e+02
3.740244e+02
3.735303e+02
3.562849e+02
3.729359e+02
3.751519e+02
3.672453e+02
3.693330e+02
3.711752e+02
3.726845e+02
3.658721e+02
3.700829e+02
3.717554e+02
3.695723e+02
3.664764e+02
3.678714e+02
3.662764e+02
3.666695e+02
3.630728e+02
3.629652e+02
3.686716e+02
3.617785e+02
3.687779e+02
3.685801e+02
3.609282e+02
3.644887e+02
3.603464e+02
3.623009e+02
3.597756e+02
3.735554e+02
3.673286e+02
3.574941e+02
3.609552e+02
3.628410e+02
3.579555e+02
3.662936e+02
3.620575e+02
3.535227e+02
3.612793e+02
3.617215e+02
3.653495e+02
3.576761e+02
3.644392e+02
3.649270e+02
3.665984e+02
3.631942e+02
3.669618e+02
3.642054e+02
3.657143e+02
3.659489e+02
3.794714e+02
3.555229e+02
3.672469e+02
3.691590e+02
3.605919e+02
3.628358e+02
3.604285e+02
3.682878e+02
3.538093e+02
3.727988e+02
3.616777e+02
3.569988e+02
3.535232e+02
3.567846e+02
3.549161e+02
3.608145e+02
3.495801e+02
3.590139e+02
3.578711e+02
3.614809e+02
3.532627e+02
3.631212e+02
